SILVER:205	23731	2	1	0	4102176	Amy how are you doing today ?	4054	today.n	229	Calendric_unit	MANUAL	6550806	22	26	JKs	today
LINKED:[5	5	22	26	bn:00077462n		http://babelnet.org/rdf/s00077462n	0.0	0.0	0.0	MCS]
RANK:=== COUNTER  Counter 8511 ===
	Temporal_collocation: 0.0011111111111111111
	Timespan: 1.570341894837344E-6

SELECTED:[]
WRONG!
SILVER:205	23731	2	3	0	4102180	I think we know what we 're going to speak about .	10867	think.v	22	Cogitation	MANUAL	6550807	2	6	JKs	think
LINKED:[1	1	2	6	bn:00083370v		http://babelnet.org/rdf/s00083370v	0.0	0.0	0.0	MCS]
RANK:=== COUNTER  Counter 8512 ===
	Regard: 1.8765246762994932E-4
	Categorization: 2.7700831024930747E-5
	Assessing: 8.857709750566894E-6
	Awareness: 8.80521973425847E-6
	Opinion: 7.673360394717659E-6
	Cogitation: 2.2818338642400122E-6

SELECTED:[Cogitation]
MATCH!
SILVER:205	23731	2	3	0	4102180	I think we know what we 're going to speak about .	160	know.v	19	Awareness	MANUAL	6550808	11	14	JKs	know
LINKED:[3	3	11	14	bn:00085261v		http://babelnet.org/rdf/s00085261v	0.0	0.0	0.0	MCS]
RANK:=== COUNTER  Counter 8513 ===
	Certainty: 3.8446751249519417E-4
	Awareness: 8.80521973425847E-6

SELECTED:[Awareness]
MATCH!
SILVER:205	23731	2	3	0	4102180	I think we know what we 're going to speak about .	752	speak.v	43	Statement	MANUAL	6550809	37	41	JKs	speak
LINKED:[9	9	37	41	bn:00094089v		http://babelnet.org/rdf/s00094089v	0.0	0.0	0.0	MCS]
RANK:=== COUNTER  Counter 8514 ===
	Chatting: 1.3520822065981613E-4
	Talking_into: 7.06164818868724E-5
	Discussion: 1.4376987618538262E-6
	Statement: 3.2727824934937087E-7
	Communication: 1.6511129078888688E-7
	Intentionally_act: 3.921184197627684E-8

SELECTED:[Statement]
MATCH!
SILVER:205	23731	3	3	0	4102181	Um , tell you what , i 'll start off .	4447	start.v	146	Activity_start	MANUAL	6550810	27	31	JKs	start
LINKED:[8	8	27	31	bn:00083346v		http://babelnet.org/rdf/s00083346v	1.0	1.0	0.5	BABELFY]
RANK:=== COUNTER  Counter 8515 ===
	Activity_start: 3.077870113881194E-4
	Performers_and_roles: 1.1111111111111112E-5

SELECTED:[Activity_start]
MATCH!
SILVER:205	23731	1	5	0	4102186	Um I personally think to set a mark with the judicial system and we 're talking about criminal - criminal cases that they should bring back .	10867	think.v	22	Cogitation	MANUAL	6550811	16	20	JKs	think
LINKED:[3	3	16	20	bn:00083370v		http://babelnet.org/rdf/s00083370v	0.0	0.0	0.0	MCS]
RANK:=== COUNTER  Counter 8516 ===
	Regard: 1.8765246762994932E-4
	Categorization: 2.7700831024930747E-5
	Assessing: 8.857709750566894E-6
	Awareness: 8.80521973425847E-6
	Opinion: 7.673360394717659E-6
	Cogitation: 2.2818338642400122E-6

SELECTED:[Cogitation]
MATCH!
SILVER:205	23731	1	5	0	4102186	Um I personally think to set a mark with the judicial system and we 're talking about criminal - criminal cases that they should bring back .	12628	judicial.a	1607	Judicial_body	MANUAL	6550812	45	52	JKs	judicial
LINKED:[10	10	45	52	bn:00105558a		http://babelnet.org/rdf/s00105558a	0.0	0.0	0.0	MCS]
RANK:=== COUNTER  Counter 8517 ===

SELECTED:[]
WRONG!
SILVER:205	23731	1	5	0	4102186	Um I personally think to set a mark with the judicial system and we 're talking about criminal - criminal cases that they should bring back .	9979	talk.v	910	Chatting	MANUAL	6550813	72	78	JKs	talking
LINKED:[15	15	72	78	bn:00094089v		http://babelnet.org/rdf/s00094089v	0.0	0.0	0.0	MCS]
RANK:=== COUNTER  Counter 8518 ===
	Chatting: 1.3520822065981613E-4
	Talking_into: 7.06164818868724E-5
	Discussion: 1.4376987618538262E-6
	Statement: 3.2727824934937087E-7
	Communication: 1.6511129078888688E-7
	Intentionally_act: 3.921184197627684E-8

SELECTED:[Chatting]
MATCH!
SILVER:205	23731	1	5	0	4102186	Um I personally think to set a mark with the judicial system and we 're talking about criminal - criminal cases that they should bring back .	8830	case.n	201	Trial	MANUAL	6550814	106	110	JKs	cases
LINKED:[20	20	106	110	bn:00016401n		http://babelnet.org/rdf/s00016401n	0.0	0.0	0.0	MCS]
RANK:=== COUNTER  Counter 8519 ===
	Instance: 0.01

SELECTED:[]
WRONG!
SILVER:205	23731	1	5	0	4102186	Um I personally think to set a mark with the judicial system and we 're talking about criminal - criminal cases that they should bring back .	9920	bring.v	240	Bringing	MANUAL	6551178	129	133	JKs	bring
LINKED:[24	24	129	133	bn:00084058v		http://babelnet.org/rdf/s00084058v	0.0	0.0	0.0	MCS]
RANK:=== COUNTER  Counter 8520 ===
	Carry_goods: 4.725897920604915E-4
	Bringing: 5.406574394463668E-5
	Cause_motion: 8.072530068156372E-7

SELECTED:[Bringing]
MATCH!
SILVER:205	23731	1	7	0	4102188	Hangings on weekends .	3952	weekend.n	229	Calendric_unit	MANUAL	6550815	12	19	JKs	weekends
LINKED:[2	2	12	19	bn:00080816n	http://dbpedia.org/resource/Workweek_and_weekend	http://babelnet.org/rdf/s00080816n	0.0	0.0	0.0	MCS]
RANK:=== COUNTER  Counter 8521 ===
	Calendric_unit: 2.3564897728343855E-5
	Location_in_time: 2.2144274376417234E-6
	Timespan: 1.570341894837344E-6

SELECTED:[Calendric_unit]
MATCH!
SILVER:205	23731	1	8	0	4102189	In public places .	3697	place.n	192	Locale	MANUAL	6550817	10	15	JKs	places
LINKED:[2	2	10	15	bn:00062699n	http://dbpedia.org/resource/Location_(geography)	http://babelnet.org/rdf/s00062699n	0.0	0.0	0.0	MCS]
RANK:=== COUNTER  Counter 8522 ===
	Locale: 2.6707796673543923E-7

SELECTED:[Locale]
MATCH!
SILVER:205	23731	1	8	0	4102189	In public places .	10658	public.a	1145	Secrecy_status	MANUAL	6551180	3	8	JKs	public
LINKED:[1	1	3	8	bn:00109211a		http://babelnet.org/rdf/s00109211a	0.0	0.0	0.0	MCS]
RANK:=== COUNTER  Counter 8523 ===
	Secrecy_status: 0.006944444444444444

SELECTED:[Secrecy_status]
MATCH!
SILVER:205	23731	1	9	0	4102190	In public places .	10658	public.a	1145	Secrecy_status	MANUAL	6551182	3	8	JKs	public
LINKED:[1	1	3	8	bn:00109211a		http://babelnet.org/rdf/s00109211a	0.0	0.0	0.0	MCS]
RANK:=== COUNTER  Counter 8524 ===
	Secrecy_status: 0.006944444444444444

SELECTED:[Secrecy_status]
MATCH!
SILVER:205	23731	1	9	0	4102190	In public places .	3697	place.n	192	Locale	MANUAL	6551183	10	15	JKs	places
LINKED:[2	2	10	15	bn:00062699n	http://dbpedia.org/resource/Location_(geography)	http://babelnet.org/rdf/s00062699n	0.0	0.0	0.0	MCS]
RANK:=== COUNTER  Counter 8525 ===
	Locale: 2.6707796673543923E-7

SELECTED:[Locale]
MATCH!
SILVER:205	23731	2	9	0	4102191	There is one state that does that by the way .	3688	state	195	Political_locales	MANUAL	6550820	13	17	JKs	state
LINKED:[3	3	13	17	bn:00074009n		http://babelnet.org/rdf/s00074009n	0.0	0.0	0.0	MCS]
RANK:=== COUNTER  Counter 8526 ===
	State_of_entity: 4.167706856836352E-7

SELECTED:[]
WRONG!
SILVER:205	23731	1	11	0	4102194	I want to say Oklahoma .	6412	want.v	366	Desiring	MANUAL	6550822	2	5	JKs	want
LINKED:[1	1	2	5	bn:00086682v		http://babelnet.org/rdf/s00086682v	0.0	0.0	0.0	MCS]
RANK:=== COUNTER  Counter 8527 ===
	Desiring: 8.899964400142399E-5
	Possession: 1.1414274234787056E-6

SELECTED:[Desiring]
MATCH!
SILVER:205	23731	1	11	0	4102194	I want to say Oklahoma .	751	say.v	43	Statement	MANUAL	6550823	10	12	JKs	say
LINKED:[3	3	10	12	bn:00093287v		http://babelnet.org/rdf/s00093287v	0.0	0.0	0.0	MCS]
RANK:=== COUNTER  Counter 8528 ===
	Spelling_and_pronouncing: 1.6659725114535613E-5
	Speak_on_topic: 1.5872763924382153E-5
	Becoming_aware: 9.765625E-6
	Text_creation: 5.484591041468993E-6
	Statement: 3.2727824934937087E-7
	Communication: 1.6511129078888688E-7

SELECTED:[Statement]
MATCH!
SILVER:205	23731	2	11	0	4102195	I saw report something the other night about it .	1535	see.v	70	Perception_experience	MANUAL	6548777	2	4	JKs	saw
LINKED:[1	1	2	4	bn:00085647v		http://babelnet.org/rdf/s00085647v	1.0	1.0	0.5	BABELFY]
RANK:=== COUNTER  Counter 8529 ===
	Regard: 1.8765246762994932E-4
	Categorization: 2.7700831024930747E-5
	Assessing: 8.857709750566894E-6
	Awareness: 8.80521973425847E-6
	Opinion: 7.673360394717659E-6
	Cogitation: 2.2818338642400122E-6

SELECTED:[]
WRONG!
SILVER:205	23731	2	11	0	4102195	I saw report something the other night about it .	747	report.n	43	Statement	MANUAL	6548779	6	11	JKs	report
LINKED:[2	2	6	11	bn:00067184n		http://babelnet.org/rdf/s00067184n	1.0	1.0	0.5	BABELFY]
RANK:=== COUNTER  Counter 8530 ===
	Judgment: 1.3223140495867768E-5
	Mental_property: 6.524672396198987E-7

SELECTED:[]
WRONG!
SILVER:205	23731	2	11	0	4102195	I saw report something the other night about it .	4064	night.n	229	Calendric_unit	MANUAL	6550824	33	37	JKs	night
LINKED:[6	6	33	37	bn:00025236n	http://dbpedia.org/resource/Night	http://babelnet.org/rdf/s00025236n	0.0	0.0	0.0	MCS]
RANK:=== COUNTER  Counter 8531 ===
	Calendric_unit: 2.3564897728343855E-5
	Location_in_time: 2.2144274376417234E-6
	Timespan: 1.570341894837344E-6

SELECTED:[Calendric_unit]
MATCH!
SILVER:205	23731	1	13	0	4102197	They do n't do them real often which is obviously the death penalty .	13815	obviously.adv	1360	Obviousness	MANUAL	6550827	40	48	JKs	obviously
LINKED:[10	10	40	48	bn:00114319r		http://babelnet.org/rdf/s00114319r	0.0	0.0	0.0	MCS]
RANK:=== COUNTER  Counter 8532 ===
	Unattributed_information: 0.01
	Obviousness: 0.0012755102040816326

SELECTED:[Obviousness]
MATCH!
SILVER:205	23731	1	13	0	4102197	They do n't do them real often which is obviously the death penalty .	3852	penalty.n	216	Rewards_and_punishments	MANUAL	6551185	60	66	JKs	penalty
LINKED:[13	13	60	66	bn:00061326n	http://dbpedia.org/resource/Penal_damages	http://babelnet.org/rdf/s00061326n	0.0	0.0	0.0	MCS]
RANK:=== COUNTER  Counter 8533 ===
	Expensiveness: 1.5140274644582053E-5
	Possession: 1.1414274234787056E-6

SELECTED:[]
WRONG!
SILVER:205	23731	1	15	0	4102200	Um , but I think if we quit , uh , building these Taj Mahals with the color TVs and sixty dollars sixty thousand a year to keep an inmate in there - on a - on a - on a life sentence , we should start hanging them and get it over with and let 's just screwing up the system uh .	11959	think.v	1412	Opinion	MANUAL	6551074	11	15	KmG	think
LINKED:[4	4	11	15	bn:00094912v		http://babelnet.org/rdf/s00094912v	1.0	0.041666668	0.0013736264	BABELFY]
RANK:=== COUNTER  Counter 8534 ===

SELECTED:[]
WRONG!
SILVER:205	23731	1	15	0	4102200	Um , but I think if we quit , uh , building these Taj Mahals with the color TVs and sixty dollars sixty thousand a year to keep an inmate in there - on a - on a - on a life sentence , we should start hanging them and get it over with and let 's just screwing up the system uh .	4738	build.v	259	Building	MANUAL	6551087	35	42	KmG	building
LINKED:[11	11	35	42	bn:00084198v		http://babelnet.org/rdf/s00084198v	0.0	0.0	0.0	MCS]
RANK:=== COUNTER  Counter 8535 ===
	Manufacturing: 7.831466833737959E-5
	Coming_up_with: 2.07028621706951E-6
	Building: 2.0062756301711757E-6
	Cause_to_start: 1.972604469132685E-6
	Creating: 1.0161940686784598E-6
	Intentionally_create: 7.762619107686934E-7

SELECTED:[Building]
MATCH!
SILVER:205	23731	1	15	0	4102200	Um , but I think if we quit , uh , building these Taj Mahals with the color TVs and sixty dollars sixty thousand a year to keep an inmate in there - on a - on a - on a life sentence , we should start hanging them and get it over with and let 's just screwing up the system uh .	4074	year.n	229	Calendric_unit	MANUAL	6551091	115	118	KmG	year
LINKED:[25	25	115	118	bn:00081857n	http://dbpedia.org/resource/Year	http://babelnet.org/rdf/s00081857n	0.8888889	0.16666667	0.043956045	BABELFY]
RANK:=== COUNTER  Counter 8536 ===
	Location_in_time: 2.2144274376417234E-6
	Timespan: 1.570341894837344E-6

SELECTED:[]
WRONG!
SILVER:205	23731	1	15	0	4102200	Um , but I think if we quit , uh , building these Taj Mahals with the color TVs and sixty dollars sixty thousand a year to keep an inmate in there - on a - on a - on a life sentence , we should start hanging them and get it over with and let 's just screwing up the system uh .	5342	sentence.n	297	Sentencing	MANUAL	6551097	173	180	KmG	sentence
LINKED:[42	42	173	180	bn:00070528n	http://dbpedia.org/resource/Sentence_(linguistics)	http://babelnet.org/rdf/s00070528n	0.0	0.0	0.0	MCS]
RANK:=== COUNTER  Counter 8537 ===
	Communication: 1.6511129078888688E-7

SELECTED:[]
WRONG!
SILVER:205	23731	1	15	0	4102200	Um , but I think if we quit , uh , building these Taj Mahals with the color TVs and sixty dollars sixty thousand a year to keep an inmate in there - on a - on a - on a life sentence , we should start hanging them and get it over with and let 's just screwing up the system uh .	4447	start.v	146	Activity_start	MANUAL	6551114	194	198	KmG	start
LINKED:[46	46	194	198	bn:00083340v		http://babelnet.org/rdf/s00083340v	0.0	0.0	0.0	MCS]
RANK:=== COUNTER  Counter 8538 ===
	Setting_out: 0.002770083102493075
	Process_start: 8.163265306122448E-4
	Activity_start: 3.077870113881194E-4

SELECTED:[Activity_start]
MATCH!
SILVER:205	23731	1	15	0	4102200	Um , but I think if we quit , uh , building these Taj Mahals with the color TVs and sixty dollars sixty thousand a year to keep an inmate in there - on a - on a - on a life sentence , we should start hanging them and get it over with and let 's just screwing up the system uh .	4865	screw	266	Bungling	MANUAL	6551115	250	257	KmG	screwing
LINKED:[58	58	250	257	bn:00083081v		http://babelnet.org/rdf/s00083081v	0.0	0.0	0.0	MCS]
RANK:=== COUNTER  Counter 8539 ===
	Sex: 9.765625E-4
	Relating_concepts: 1.1809024456489649E-5
	Make_cognitive_connection: 1.133671167341201E-5
	Attaching: 6.998684247361496E-6

SELECTED:[]
WRONG!
SILVER:205	23731	1	15	0	4102200	Um , but I think if we quit , uh , building these Taj Mahals with the color TVs and sixty dollars sixty thousand a year to keep an inmate in there - on a - on a - on a life sentence , we should start hanging them and get it over with and let 's just screwing up the system uh .	12637	system.n	1610	System	MANUAL	6551117	266	271	KmG	system
LINKED:[61	61	266	271	bn:00075759n		http://babelnet.org/rdf/s00075759n	0.0	0.0	0.0	MCS]
RANK:=== COUNTER  Counter 8540 ===
	System: 1.1562030292519367E-4
	Gizmo: 6.514350723783452E-8
	Inherent_purpose: 3.71105971128475E-8

SELECTED:[System]
MATCH!
SILVER:205	23731	1	15	0	4102200	Um , but I think if we quit , uh , building these Taj Mahals with the color TVs and sixty dollars sixty thousand a year to keep an inmate in there - on a - on a - on a life sentence , we should start hanging them and get it over with and let 's just screwing up the system uh .	14637	quit.v	166	Activity_stop	MANUAL	6552180	23	26	JKs	quit
LINKED:[7	7	23	26	bn:00084710v		http://babelnet.org/rdf/s00084710v	0.0	0.0	0.0	MCS]
RANK:=== COUNTER  Counter 8541 ===
	Process_stop: 9.765625E-4
	Activity_stop: 1.020304050607081E-4

SELECTED:[Activity_stop]
MATCH!
SILVER:205	23731	1	16	0	4102201	Yeah well the sentences are so unbelievable .	5342	sentence.n	297	Sentencing	MANUAL	6551118	14	22	KmG	sentences
LINKED:[3	3	14	22	bn:00070528n	http://dbpedia.org/resource/Sentence_(linguistics)	http://babelnet.org/rdf/s00070528n	1.0	1.0	0.5	BABELFY]
RANK:=== COUNTER  Counter 8542 ===
	Communication: 1.6511129078888688E-7

SELECTED:[]
WRONG!
SILVER:205	23731	2	16	0	4102202	I just saw on the news last night that they said the average time a sentenced murderer , you know , is in jail is two years before he 's paroled and a rapists is like six months and a burglar is like two months .	1535	see.v	70	Perception_experience	MANUAL	6551124	7	9	KmG	saw
LINKED:[2	2	7	9	bn:00092443v		http://babelnet.org/rdf/s00092443v	1.0	0.125	0.004219409	BABELFY]
RANK:=== COUNTER  Counter 8543 ===
	Coming_to_believe: 4.2165626581211E-5

SELECTED:[]
WRONG!
SILVER:205	23731	2	16	0	4102202	I just saw on the news last night that they said the average time a sentenced murderer , you know , is in jail is two years before he 's paroled and a rapists is like six months and a burglar is like two months .	4064	night.n	229	Calendric_unit	MANUAL	6551126	28	32	KmG	night
LINKED:[7	7	28	32	bn:00025236n	http://dbpedia.org/resource/Night	http://babelnet.org/rdf/s00025236n	0.0	0.0	0.0	MCS]
RANK:=== COUNTER  Counter 8544 ===
	Calendric_unit: 2.3564897728343855E-5
	Location_in_time: 2.2144274376417234E-6
	Timespan: 1.570341894837344E-6

SELECTED:[Calendric_unit]
MATCH!
SILVER:205	23731	2	16	0	4102202	I just saw on the news last night that they said the average time a sentenced murderer , you know , is in jail is two years before he 's paroled and a rapists is like six months and a burglar is like two months .	751	say.v	43	Statement	MANUAL	6551130	44	47	KmG	said
LINKED:[10	10	44	47	bn:00093287v		http://babelnet.org/rdf/s00093287v	1.0	0.125	0.006329114	BABELFY]
RANK:=== COUNTER  Counter 8545 ===
	Spelling_and_pronouncing: 1.6659725114535613E-5
	Speak_on_topic: 1.5872763924382153E-5
	Becoming_aware: 9.765625E-6
	Text_creation: 5.484591041468993E-6
	Statement: 3.2727824934937087E-7
	Communication: 1.6511129078888688E-7

SELECTED:[Statement]
MATCH!
SILVER:205	23731	2	16	0	4102202	I just saw on the news last night that they said the average time a sentenced murderer , you know , is in jail is two years before he 's paroled and a rapists is like six months and a burglar is like two months .	10608	average.a	1134	Typicality	MANUAL	6551135	53	59	KmG	average
LINKED:[12	12	53	59	bn:00097854a		http://babelnet.org/rdf/s00097854a	0.0	0.0	0.0	MCS]
RANK:=== COUNTER  Counter 8546 ===

SELECTED:[]
WRONG!
SILVER:205	23731	2	16	0	4102202	I just saw on the news last night that they said the average time a sentenced murderer , you know , is in jail is two years before he 's paroled and a rapists is like six months and a burglar is like two months .	5341	sentence.v	297	Sentencing	MANUAL	6551136	68	76	KmG	sentenced
LINKED:[15	15	68	76	bn:00085548v		http://babelnet.org/rdf/s00085548v	1.0	0.1875	0.015822785	BABELFY]
RANK:=== COUNTER  Counter 8547 ===
	Sentencing: 4.164931278633902E-4
	Spelling_and_pronouncing: 1.6659725114535613E-5
	Speak_on_topic: 1.5872763924382153E-5
	Becoming_aware: 9.765625E-6
	Text_creation: 5.484591041468993E-6
	Statement: 3.2727824934937087E-7
	Communication: 1.6511129078888688E-7

SELECTED:[Sentencing]
MATCH!
SILVER:205	23731	2	16	0	4102202	I just saw on the news last night that they said the average time a sentenced murderer , you know , is in jail is two years before he 's paroled and a rapists is like six months and a burglar is like two months .	9087	murderer.n	590	Killing	MANUAL	6551137	78	85	KmG	murderer
LINKED:[16	16	78	85	bn:00051488n		http://babelnet.org/rdf/s00051488n	1.0	0.125	0.004219409	BABELFY]
RANK:=== COUNTER  Counter 8548 ===
	Killing: 5.250997689561017E-5
	People_by_morality: 2.204148206925434E-5
	People: 9.178366912266303E-9

SELECTED:[Killing]
MATCH!
SILVER:205	23731	2	16	0	4102202	I just saw on the news last night that they said the average time a sentenced murderer , you know , is in jail is two years before he 's paroled and a rapists is like six months and a burglar is like two months .	6959	jail.n	387	Prison	MANUAL	6551187	106	109	JKs	jail
LINKED:[23	23	106	109	bn:00064468n	http://dbpedia.org/resource/Prison	http://babelnet.org/rdf/s00064468n	0.76363635	0.375	0.044303797	BABELFY]
RANK:=== COUNTER  Counter 8549 ===
	Prison: 0.0022675736961451248
	Buildings: 5.243395811890029E-7

SELECTED:[Prison]
MATCH!
SILVER:205	23731	2	16	0	4102202	I just saw on the news last night that they said the average time a sentenced murderer , you know , is in jail is two years before he 's paroled and a rapists is like six months and a burglar is like two months .	3878	year.n	224	Measure_duration	MANUAL	6551189	118	122	JKs	years
LINKED:[26	26	118	122	bn:00078738n	http://dbpedia.org/resource/Year	http://babelnet.org/rdf/s00078738n	0.0	0.0	0.0	MCS]
RANK:=== COUNTER  Counter 8550 ===
	Measure_duration: 1.1080332409972299E-4
	Calendric_unit: 2.3564897728343855E-5
	Location_in_time: 2.2144274376417234E-6
	Timespan: 1.570341894837344E-6

SELECTED:[Measure_duration]
MATCH!
SILVER:205	23731	2	16	0	4102202	I just saw on the news last night that they said the average time a sentenced murderer , you know , is in jail is two years before he 's paroled and a rapists is like six months and a burglar is like two months .	2621	rapist.n	127	Rape	MANUAL	6551190	151	157	JKs	rapists
LINKED:[33	33	151	157	bn:00006469n	http://dbpedia.org/resource/Rape	http://babelnet.org/rdf/s00006469n	0.86206895	0.3125	0.026371308	BABELFY]
RANK:=== COUNTER  Counter 8551 ===
	Rape: 0.015625
	Committing_crime: 1.0850694444444444E-4
	Offenses: 6.830134553650708E-5
	Misdeed: 2.9218407596785978E-5
	Compliance: 1.3616372326084883E-5

SELECTED:[Rape]
MATCH!
SILVER:205	23731	2	16	0	4102202	I just saw on the news last night that they said the average time a sentenced murderer , you know , is in jail is two years before he 's paroled and a rapists is like six months and a burglar is like two months .	3877	month.n	224	Measure_duration	MANUAL	6551192	171	176	JKs	months
LINKED:[37	37	171	176	bn:00014710n	http://dbpedia.org/resource/Month	http://babelnet.org/rdf/s00014710n	0.0	0.0	0.0	MCS]
RANK:=== COUNTER  Counter 8552 ===
	Calendric_unit: 2.3564897728343855E-5
	Location_in_time: 2.2144274376417234E-6
	Timespan: 1.570341894837344E-6

SELECTED:[]
WRONG!
SILVER:205	23731	2	16	0	4102202	I just saw on the news last night that they said the average time a sentenced murderer , you know , is in jail is two years before he 's paroled and a rapists is like six months and a burglar is like two months .	3877	month.n	224	Measure_duration	MANUAL	6551194	204	209	JKs	months
LINKED:[44	44	204	209	bn:00014710n	http://dbpedia.org/resource/Month	http://babelnet.org/rdf/s00014710n	0.0	0.0	0.0	MCS]
RANK:=== COUNTER  Counter 8553 ===
	Calendric_unit: 2.3564897728343855E-5
	Location_in_time: 2.2144274376417234E-6
	Timespan: 1.570341894837344E-6

SELECTED:[]
WRONG!
SILVER:205	23731	1	17	0	4102203	That 's pathetic .	6123	pathetic.a	354	Desirability	MANUAL	6551195	8	15	JKs	pathetic
LINKED:[2	2	8	15	bn:00108339a		http://babelnet.org/rdf/s00108339a	0.0	0.0	0.0	MCS]
RANK:=== COUNTER  Counter 8554 ===

SELECTED:[]
WRONG!
SILVER:205	23731	2	17	0	4102204	That 's pathetic , it 's .	6123	pathetic.a	354	Desirability	MANUAL	6551196	8	15	JKs	pathetic
LINKED:[2	2	8	15	bn:00108339a		http://babelnet.org/rdf/s00108339a	0.0	0.0	0.0	MCS]
RANK:=== COUNTER  Counter 8555 ===

SELECTED:[]
WRONG!
SILVER:205	23731	1	18	0	4102205	Because they just say there 's either no room in the system , you know , in the jails for them or , you know , it 's just that it seems like the automatic sentences - if - if a judge has leeway on what he 's going to , you know , sentence someone for between , you know , two months and uh fifty years and you know what 's his whim to decide it should be two months .	751	say.v	43	Statement	MANUAL	6551197	18	20	JKs	say
LINKED:[3	3	18	20	bn:00093287v		http://babelnet.org/rdf/s00093287v	0.0	0.0	0.0	MCS]
RANK:=== COUNTER  Counter 8556 ===
	Spelling_and_pronouncing: 1.6659725114535613E-5
	Speak_on_topic: 1.5872763924382153E-5
	Becoming_aware: 9.765625E-6
	Text_creation: 5.484591041468993E-6
	Statement: 3.2727824934937087E-7
	Communication: 1.6511129078888688E-7

SELECTED:[Statement]
MATCH!
SILVER:205	23731	1	18	0	4102205	Because they just say there 's either no room in the system , you know , in the jails for them or , you know , it 's just that it seems like the automatic sentences - if - if a judge has leeway on what he 's going to , you know , sentence someone for between , you know , two months and uh fifty years and you know what 's his whim to decide it should be two months .	12637	system.n	1610	System	MANUAL	6551201	53	58	JKs	system
LINKED:[11	11	53	58	bn:00069580n	http://dbpedia.org/resource/Scheme_(linguistics)	http://babelnet.org/rdf/s00069580n	0.8	0.11764706	8.2661706E-4	BABELFY]
RANK:=== COUNTER  Counter 8557 ===
	Set_of_interrelated_entities: 2.1626297577854672E-4

SELECTED:[]
WRONG!
SILVER:205	23731	1	18	0	4102205	Because they just say there 's either no room in the system , you know , in the jails for them or , you know , it 's just that it seems like the automatic sentences - if - if a judge has leeway on what he 's going to , you know , sentence someone for between , you know , two months and uh fifty years and you know what 's his whim to decide it should be two months .	6959	jail.n	387	Prison	MANUAL	6551203	80	84	JKs	jails
LINKED:[18	18	80	84	bn:00019832n		http://babelnet.org/rdf/s00019832n	0.0	0.0	0.0	MCS]
RANK:=== COUNTER  Counter 8558 ===
	Imprisonment: 0.015625
	Prison: 0.0022675736961451248
	Inhibit_movement: 3.429355281207133E-4
	Buildings: 5.243395811890029E-7

SELECTED:[Prison]
MATCH!
SILVER:205	23731	1	18	0	4102205	Because they just say there 's either no room in the system , you know , in the jails for them or , you know , it 's just that it seems like the automatic sentences - if - if a judge has leeway on what he 's going to , you know , sentence someone for between , you know , two months and uh fifty years and you know what 's his whim to decide it should be two months .	160	know.v	19	Awareness	MANUAL	6551205	66	69	JKs	know
LINKED:[14	14	66	69	bn:00085261v		http://babelnet.org/rdf/s00085261v	0.0	0.0	0.0	MCS]
RANK:=== COUNTER  Counter 8559 ===
	Certainty: 3.8446751249519417E-4
	Awareness: 8.80521973425847E-6

SELECTED:[Awareness]
MATCH!
SILVER:205	23731	1	18	0	4102205	Because they just say there 's either no room in the system , you know , in the jails for them or , you know , it 's just that it seems like the automatic sentences - if - if a judge has leeway on what he 's going to , you know , sentence someone for between , you know , two months and uh fifty years and you know what 's his whim to decide it should be two months .	160	know.v	19	Awareness	MANUAL	6551206	104	107	JKs	know
LINKED:[24	24	104	107	bn:00085261v		http://babelnet.org/rdf/s00085261v	0.0	0.0	0.0	MCS]
RANK:=== COUNTER  Counter 8560 ===
	Certainty: 3.8446751249519417E-4
	Awareness: 8.80521973425847E-6

SELECTED:[Awareness]
MATCH!
SILVER:205	23731	1	18	0	4102205	Because they just say there 's either no room in the system , you know , in the jails for them or , you know , it 's just that it seems like the automatic sentences - if - if a judge has leeway on what he 's going to , you know , sentence someone for between , you know , two months and uh fifty years and you know what 's his whim to decide it should be two months .	1325	seem.v	67	Give_impression	MANUAL	6551207	130	134	JKs	seems
LINKED:[31	31	130	134	bn:00082690v		http://babelnet.org/rdf/s00082690v	0.0	0.0	0.0	MCS]
RANK:=== COUNTER  Counter 8561 ===
	Facial_expression: 0.002066115702479339
	Expressing_publicly: 3.1887755102040814E-4
	Appearance: 2.1003990758244068E-4
	Coming_to_be: 1.1814744801512288E-4
	Performers_and_roles: 1.1111111111111112E-5

SELECTED:[]
WRONG!
SILVER:205	23731	1	18	0	4102205	Because they just say there 's either no room in the system , you know , in the jails for them or , you know , it 's just that it seems like the automatic sentences - if - if a judge has leeway on what he 's going to , you know , sentence someone for between , you know , two months and uh fifty years and you know what 's his whim to decide it should be two months .	5342	sentence.n	297	Sentencing	MANUAL	6551208	155	163	JKs	sentences
LINKED:[35	35	155	163	bn:00070528n	http://dbpedia.org/resource/Sentence_(linguistics)	http://babelnet.org/rdf/s00070528n	0.0	0.0	0.0	MCS]
RANK:=== COUNTER  Counter 8562 ===
	Communication: 1.6511129078888688E-7

SELECTED:[]
WRONG!
SILVER:205	23731	1	18	0	4102205	Because they just say there 's either no room in the system , you know , in the jails for them or , you know , it 's just that it seems like the automatic sentences - if - if a judge has leeway on what he 's going to , you know , sentence someone for between , you know , two months and uh fifty years and you know what 's his whim to decide it should be two months .	160	know.v	19	Awareness	MANUAL	6551210	223	226	JKs	know
LINKED:[52	52	223	226	bn:00085261v		http://babelnet.org/rdf/s00085261v	0.0	0.0	0.0	MCS]
RANK:=== COUNTER  Counter 8563 ===
	Certainty: 3.8446751249519417E-4
	Awareness: 8.80521973425847E-6

SELECTED:[Awareness]
MATCH!
SILVER:205	23731	1	18	0	4102205	Because they just say there 's either no room in the system , you know , in the jails for them or , you know , it 's just that it seems like the automatic sentences - if - if a judge has leeway on what he 's going to , you know , sentence someone for between , you know , two months and uh fifty years and you know what 's his whim to decide it should be two months .	5341	sentence.v	297	Sentencing	MANUAL	6551211	230	237	JKs	sentence
LINKED:[54	54	230	237	bn:00070528n	http://dbpedia.org/resource/Sentence_(linguistics)	http://babelnet.org/rdf/s00070528n	0.0	0.0	0.0	MCS]
RANK:=== COUNTER  Counter 8564 ===
	Communication: 1.6511129078888688E-7

SELECTED:[]
WRONG!
SILVER:205	23731	1	18	0	4102205	Because they just say there 's either no room in the system , you know , in the jails for them or , you know , it 's just that it seems like the automatic sentences - if - if a judge has leeway on what he 's going to , you know , sentence someone for between , you know , two months and uh fifty years and you know what 's his whim to decide it should be two months .	160	know.v	19	Awareness	MANUAL	6551213	265	268	JKs	know
LINKED:[60	60	265	268	bn:00085261v		http://babelnet.org/rdf/s00085261v	0.0	0.0	0.0	MCS]
RANK:=== COUNTER  Counter 8565 ===
	Certainty: 3.8446751249519417E-4
	Awareness: 8.80521973425847E-6

SELECTED:[Awareness]
MATCH!
SILVER:205	23731	1	18	0	4102205	Because they just say there 's either no room in the system , you know , in the jails for them or , you know , it 's just that it seems like the automatic sentences - if - if a judge has leeway on what he 's going to , you know , sentence someone for between , you know , two months and uh fifty years and you know what 's his whim to decide it should be two months .	3877	month.n	224	Measure_duration	MANUAL	6551215	276	281	JKs	months
LINKED:[63	63	276	281	bn:00014710n	http://dbpedia.org/resource/Month	http://babelnet.org/rdf/s00014710n	0.0	0.0	0.0	MCS]
RANK:=== COUNTER  Counter 8566 ===
	Calendric_unit: 2.3564897728343855E-5
	Location_in_time: 2.2144274376417234E-6
	Timespan: 1.570341894837344E-6

SELECTED:[]
WRONG!
SILVER:205	23731	1	18	0	4102205	Because they just say there 's either no room in the system , you know , in the jails for them or , you know , it 's just that it seems like the automatic sentences - if - if a judge has leeway on what he 's going to , you know , sentence someone for between , you know , two months and uh fifty years and you know what 's his whim to decide it should be two months .	3878	year.n	224	Measure_duration	MANUAL	6551217	296	300	JKs	years
LINKED:[67	67	296	300	bn:00078738n	http://dbpedia.org/resource/Year	http://babelnet.org/rdf/s00078738n	0.0	0.0	0.0	MCS]
RANK:=== COUNTER  Counter 8567 ===
	Measure_duration: 1.1080332409972299E-4
	Calendric_unit: 2.3564897728343855E-5
	Location_in_time: 2.2144274376417234E-6
	Timespan: 1.570341894837344E-6

SELECTED:[Measure_duration]
MATCH!
SILVER:205	23731	1	18	0	4102205	Because they just say there 's either no room in the system , you know , in the jails for them or , you know , it 's just that it seems like the automatic sentences - if - if a judge has leeway on what he 's going to , you know , sentence someone for between , you know , two months and uh fifty years and you know what 's his whim to decide it should be two months .	160	know.v	19	Awareness	MANUAL	6551218	310	313	JKs	know
LINKED:[70	70	310	313	bn:00085261v		http://babelnet.org/rdf/s00085261v	0.0	0.0	0.0	MCS]
RANK:=== COUNTER  Counter 8568 ===
	Certainty: 3.8446751249519417E-4
	Awareness: 8.80521973425847E-6

SELECTED:[Awareness]
MATCH!
SILVER:205	23731	1	18	0	4102205	Because they just say there 's either no room in the system , you know , in the jails for them or , you know , it 's just that it seems like the automatic sentences - if - if a judge has leeway on what he 's going to , you know , sentence someone for between , you know , two months and uh fifty years and you know what 's his whim to decide it should be two months .	3877	month.n	224	Measure_duration	MANUAL	6551221	359	364	JKs	months
LINKED:[81	81	359	364	bn:00014710n	http://dbpedia.org/resource/Month	http://babelnet.org/rdf/s00014710n	0.0	0.0	0.0	MCS]
RANK:=== COUNTER  Counter 8569 ===
	Calendric_unit: 2.3564897728343855E-5
	Location_in_time: 2.2144274376417234E-6
	Timespan: 1.570341894837344E-6

SELECTED:[]
WRONG!
SILVER:205	23731	1	19	0	4102206	This is true and - and - and - and - and the way the law reads , uh , if they sentence you to -	10020	law.n	950	Law	MANUAL	6551222	53	55	JKs	law
LINKED:[15	15	53	55	bn:00048655n	http://dbpedia.org/resource/Law	http://babelnet.org/rdf/s00048655n	0.0	0.0	0.0	MCS]
RANK:=== COUNTER  Counter 8570 ===
	Law: 8.416799932665601E-5

SELECTED:[Law]
MATCH!
SILVER:205	23731	1	19	0	4102206	This is true and - and - and - and - and the way the law reads , uh , if they sentence you to -	5341	sentence.v	297	Sentencing	MANUAL	6551224	78	85	JKs	sentence
LINKED:[22	22	78	85	bn:00070528n	http://dbpedia.org/resource/Sentence_(linguistics)	http://babelnet.org/rdf/s00070528n	0.0	0.0	0.0	MCS]
RANK:=== COUNTER  Counter 8571 ===
	Communication: 1.6511129078888688E-7

SELECTED:[]
WRONG!
SILVER:205	23731	1	20	0	4102207	You know it 's crazy .	160	know.v	19	Awareness	MANUAL	6551225	4	7	JKs	know
LINKED:[1	1	4	7	bn:00085261v		http://babelnet.org/rdf/s00085261v	0.0	0.0	0.0	MCS]
RANK:=== COUNTER  Counter 8572 ===
	Certainty: 3.8446751249519417E-4
	Awareness: 8.80521973425847E-6

SELECTED:[Awareness]
MATCH!
SILVER:205	23731	1	20	0	4102207	You know it 's crazy .	386	crazy.a	29	Mental_property	MANUAL	6551226	15	19	JKs	crazy
LINKED:[4	4	15	19	bn:00100611a		http://babelnet.org/rdf/s00100611a	0.0	0.0	0.0	MCS]
RANK:=== COUNTER  Counter 8573 ===

SELECTED:[]
WRONG!
SILVER:205	23731	1	21	0	4102208	- life in prison then he 's available for parole .	6960	prison.n	387	Prison	MANUAL	6551227	10	15	JKs	prison
LINKED:[3	3	10	15	bn:00064468n	http://dbpedia.org/resource/Prison	http://babelnet.org/rdf/s00064468n	0.0	0.0	0.0	MCS]
RANK:=== COUNTER  Counter 8574 ===
	Prison: 0.0022675736961451248
	Buildings: 5.243395811890029E-7

SELECTED:[Prison]
MATCH!
SILVER:205	23731	2	21	0	4102209	If it 's if it 's life and a day then he 's not eligible for parole .	3875	day.n	224	Measure_duration	MANUAL	6551229	29	31	JKs	day
LINKED:[9	9	29	31	bn:00000086n	http://dbpedia.org/resource/Day	http://babelnet.org/rdf/s00000086n	0.0	0.0	0.0	MCS]
RANK:=== COUNTER  Counter 8575 ===
	Measure_duration: 1.1080332409972299E-4
	Calendric_unit: 2.3564897728343855E-5
	Timespan: 1.570341894837344E-6
	Quantity: 3.1847296037177256E-7

SELECTED:[Measure_duration]
MATCH!
SILVER:205	23731	3	21	0	4102210	So what , you know , let 's quit BSing with the system .	160	know.v	19	Awareness	MANUAL	6551230	14	17	JKs	know
LINKED:[4	4	14	17	bn:00085261v		http://babelnet.org/rdf/s00085261v	0.0	0.0	0.0	MCS]
RANK:=== COUNTER  Counter 8576 ===
	Certainty: 3.8446751249519417E-4
	Awareness: 8.80521973425847E-6

SELECTED:[Awareness]
MATCH!
SILVER:205	23731	3	21	0	4102210	So what , you know , let 's quit BSing with the system .	14637	quit.v	166	Activity_stop	MANUAL	6639181	28	31	CVa	quit
LINKED:[8	8	28	31	bn:00084710v		http://babelnet.org/rdf/s00084710v	0.0	0.0	0.0	MCS]
RANK:=== COUNTER  Counter 8577 ===
	Process_stop: 9.765625E-4
	Activity_stop: 1.020304050607081E-4

SELECTED:[Activity_stop]
MATCH!
SILVER:205	23731	1	23	0	4102212	Well , even if it 's life like you say , we end up spending sixty thousand dollars a year to keep some , you know , joker in there for life .	751	say.v	43	Statement	MANUAL	6551233	35	37	JKs	say
LINKED:[9	9	35	37	bn:00093287v		http://babelnet.org/rdf/s00093287v	1.0	0.22222222	0.01904762	BABELFY]
RANK:=== COUNTER  Counter 8578 ===
	Spelling_and_pronouncing: 1.6659725114535613E-5
	Speak_on_topic: 1.5872763924382153E-5
	Becoming_aware: 9.765625E-6
	Text_creation: 5.484591041468993E-6
	Statement: 3.2727824934937087E-7
	Communication: 1.6511129078888688E-7

SELECTED:[Statement]
MATCH!
SILVER:205	23731	1	23	0	4102212	Well , even if it 's life like you say , we end up spending sixty thousand dollars a year to keep some , you know , joker in there for life .	10845	end	1070	Transition_to_state	MANUAL	6551234	44	46	EGp	end
LINKED:[12	12	44	46	bn:00084711v		http://babelnet.org/rdf/s00084711v	0.8	0.44444445	0.0952381	BABELFY]
RANK:=== COUNTER  Counter 8579 ===
	Process_end: 7.694675284702985E-5

SELECTED:[]
WRONG!
SILVER:205	23731	1	23	0	4102212	Well , even if it 's life like you say , we end up spending sixty thousand dollars a year to keep some , you know , joker in there for life .	3878	year.n	224	Measure_duration	MANUAL	6551237	85	88	JKs	year
LINKED:[19	19	85	88	bn:00078738n	http://dbpedia.org/resource/Year	http://babelnet.org/rdf/s00078738n	0.0	0.0	0.0	MCS]
RANK:=== COUNTER  Counter 8580 ===
	Measure_duration: 1.1080332409972299E-4
	Calendric_unit: 2.3564897728343855E-5
	Location_in_time: 2.2144274376417234E-6
	Timespan: 1.570341894837344E-6

SELECTED:[Measure_duration]
MATCH!
SILVER:205	23731	1	23	0	4102212	Well , even if it 's life like you say , we end up spending sixty thousand dollars a year to keep some , you know , joker in there for life .	4347	keep.v	164	Activity_ongoing	MANUAL	6551238	93	96	JKs	keep
LINKED:[21	21	93	96	bn:00085714v		http://babelnet.org/rdf/s00085714v	0.72727275	0.22222222	0.03809524	BABELFY]
RANK:=== COUNTER  Counter 8581 ===
	Process_continue: 0.002066115702479339
	Activity_ongoing: 8.163265306122448E-4
	Intentionally_act: 3.921184197627684E-8

SELECTED:[Activity_ongoing]
MATCH!
SILVER:205	23731	1	23	0	4102212	Well , even if it 's life like you say , we end up spending sixty thousand dollars a year to keep some , you know , joker in there for life .	160	know.v	19	Awareness	MANUAL	6551240	109	112	JKs	know
LINKED:[25	25	109	112	bn:00082272v		http://babelnet.org/rdf/s00082272v	1.0	0.11111111	0.004761905	BABELFY]
RANK:=== COUNTER  Counter 8582 ===
	Assessing: 8.857709750566894E-6
	Cogitation: 2.2818338642400122E-6

SELECTED:[]
WRONG!
SILVER:205	23731	2	23	0	4102213	We could spend that money , you know , for starving children that are starving or twelve million other things would be more useful than that .	13361	money.n	1761	Money	MANUAL	6551244	20	24	JKs	money
LINKED:[4	4	20	24	bn:00055644n	http://dbpedia.org/resource/Money	http://babelnet.org/rdf/s00055644n	1.0	0.5	0.31460676	BABELFY]
RANK:=== COUNTER  Counter 8583 ===
	Money: 3.077870113881194E-4
	Commerce_pay: 7.431629013079666E-5
	Quantity: 3.1847296037177256E-7

SELECTED:[Money]
MATCH!
SILVER:205	23731	2	23	0	4102213	We could spend that money , you know , for starving children that are starving or twelve million other things would be more useful than that .	160	know.v	19	Awareness	MANUAL	6551245	32	35	JKs	know
LINKED:[7	7	32	35	bn:00085261v		http://babelnet.org/rdf/s00085261v	0.0	0.0	0.0	MCS]
RANK:=== COUNTER  Counter 8584 ===
	Certainty: 3.8446751249519417E-4
	Awareness: 8.80521973425847E-6

SELECTED:[Awareness]
MATCH!
SILVER:205	23731	2	23	0	4102213	We could spend that money , you know , for starving children that are starving or twelve million other things would be more useful than that .	10083	child.n	973	People_by_age	MANUAL	6551246	52	59	JKs	children
LINKED:[11	11	52	59	bn:00018346n	http://dbpedia.org/resource/Child	http://babelnet.org/rdf/s00018346n	0.8888889	0.25	0.08988764	BABELFY]
RANK:=== COUNTER  Counter 8585 ===
	Relation: 3.5430839002267575E-5
	Kinship: 1.721733441228629E-5
	People_by_age: 3.088698144619024E-6
	People: 9.178366912266303E-9

SELECTED:[People_by_age]
MATCH!
SILVER:205	23731	2	23	0	4102213	We could spend that money , you know , for starving children that are starving or twelve million other things would be more useful than that .	2099	starve.v	53	Death	MANUAL	6551247	70	77	JKs	starving
LINKED:[14	14	70	77	bn:00088028v		http://babelnet.org/rdf/s00088028v	0.0	0.0	0.0	MCS]
RANK:=== COUNTER  Counter 8586 ===
	Death: 7.304601899196494E-4
	Performers_and_roles: 1.1111111111111112E-5

SELECTED:[Death]
MATCH!
SILVER:205	23731	2	23	0	4102213	We could spend that money , you know , for starving children that are starving or twelve million other things would be more useful than that .	11624	useful.a	726	Usefulness	MANUAL	6551251	124	129	JKs	useful
LINKED:[23	23	124	129	bn:00113455a		http://babelnet.org/rdf/s00113455a	0.0	0.0	0.0	MCS]
RANK:=== COUNTER  Counter 8587 ===
	Usefulness: 4.938271604938272E-4

SELECTED:[Usefulness]
MATCH!
SILVER:205	23731	1	25	0	4102215	So to me if somebody has life , you know , beyond a reasonable doubt , they should - that should be it - you know , particularly for some of these really .	160	know.v	19	Awareness	MANUAL	6551253	36	39	JKs	know
LINKED:[9	9	36	39	bn:00085261v		http://babelnet.org/rdf/s00085261v	0.0	0.0	0.0	MCS]
RANK:=== COUNTER  Counter 8588 ===
	Certainty: 3.8446751249519417E-4
	Awareness: 8.80521973425847E-6

SELECTED:[Awareness]
MATCH!
SILVER:205	23731	1	25	0	4102215	So to me if somebody has life , you know , beyond a reasonable doubt , they should - that should be it - you know , particularly for some of these really .	415	reasonable.a	29	Mental_property	MANUAL	6551255	52	61	JKs	reasonable
LINKED:[13	13	52	61	bn:00109507a		http://babelnet.org/rdf/s00109507a	1.0	0.16666667	0.0022727272	BABELFY]
RANK:=== COUNTER  Counter 8589 ===
	Mental_property: 6.524672396198987E-7

SELECTED:[Mental_property]
MATCH!
SILVER:205	23731	1	25	0	4102215	So to me if somebody has life , you know , beyond a reasonable doubt , they should - that should be it - you know , particularly for some of these really .	160	know.v	19	Awareness	MANUAL	6551259	109	112	JKs	know
LINKED:[25	25	109	112	bn:00085261v		http://babelnet.org/rdf/s00085261v	0.0	0.0	0.0	MCS]
RANK:=== COUNTER  Counter 8590 ===
	Certainty: 3.8446751249519417E-4
	Awareness: 8.80521973425847E-6

SELECTED:[Awareness]
MATCH!
SILVER:205	23731	1	27	0	4102217	I mean there are so many just major major serial murders and it 's not just like one instance or something it 's just , uh , horrifying some of the murders that go on .	12252	major.a	407	Importance	MANUAL	6551263	30	34	JKs	major
LINKED:[7	7	30	34	bn:00106332a		http://babelnet.org/rdf/s00106332a	0.0	0.0	0.0	MCS]
RANK:=== COUNTER  Counter 8591 ===
	Importance: 5.94883997620464E-4

SELECTED:[Importance]
MATCH!
SILVER:205	23731	1	27	0	4102217	I mean there are so many just major major serial murders and it 's not just like one instance or something it 's just , uh , horrifying some of the murders that go on .	12252	major.a	407	Importance	MANUAL	6551264	36	40	JKs	major
LINKED:[8	8	36	40	bn:00106332a		http://babelnet.org/rdf/s00106332a	0.0	0.0	0.0	MCS]
RANK:=== COUNTER  Counter 8592 ===
	Importance: 5.94883997620464E-4

SELECTED:[Importance]
MATCH!
SILVER:205	23731	1	27	0	4102217	I mean there are so many just major major serial murders and it 's not just like one instance or something it 's just , uh , horrifying some of the murders that go on .	9052	murder.n	590	Killing	MANUAL	6551265	49	55	JKs	murders
LINKED:[10	10	49	55	bn:00032175n	http://dbpedia.org/resource/Murder	http://babelnet.org/rdf/s00032175n	0.0	0.0	0.0	MCS]
RANK:=== COUNTER  Counter 8593 ===
	Offenses: 6.830134553650708E-5
	Killing: 5.250997689561017E-5
	Cause_change: 8.931987913948513E-8

SELECTED:[Killing]
MATCH!
SILVER:205	23731	1	27	0	4102217	I mean there are so many just major major serial murders and it 's not just like one instance or something it 's just , uh , horrifying some of the murders that go on .	6915	instance.n	132	Instance	MANUAL	6551267	85	92	JKs	instance
LINKED:[18	18	85	92	bn:00032100n	http://dbpedia.org/resource/Conceptual_model	http://babelnet.org/rdf/s00032100n	1.0	0.16666667	0.0019379845	BABELFY]
RANK:=== COUNTER  Counter 8594 ===
	Exemplar: 0.0025

SELECTED:[]
WRONG!
SILVER:205	23731	1	27	0	4102217	I mean there are so many just major major serial murders and it 's not just like one instance or something it 's just , uh , horrifying some of the murders that go on .	9052	murder.n	590	Killing	MANUAL	6551269	148	154	JKs	murders
LINKED:[31	31	148	154	bn:00032175n	http://dbpedia.org/resource/Murder	http://babelnet.org/rdf/s00032175n	0.0	0.0	0.0	MCS]
RANK:=== COUNTER  Counter 8595 ===
	Offenses: 6.830134553650708E-5
	Killing: 5.250997689561017E-5
	Cause_change: 8.931987913948513E-8

SELECTED:[Killing]
MATCH!
SILVER:205	23731	1	28	0	4102218	The old Charles Manson case , i mean , the guy is really -	10071	old.a	972	Age	MANUAL	6551271	4	6	JKs	old
LINKED:[1	1	4	6	bn:00107786a		http://babelnet.org/rdf/s00107786a	0.0	0.0	0.0	MCS]
RANK:=== COUNTER  Counter 8596 ===
	Age: 0.0030864197530864196

SELECTED:[Age]
MATCH!
SILVER:205	23731	1	28	0	4102218	The old Charles Manson case , i mean , the guy is really -	8830	case.n	201	Trial	MANUAL	6551272	23	26	JKs	case
LINKED:[4	4	23	26	bn:00016402n		http://babelnet.org/rdf/s00016402n	0.0	0.0	0.0	MCS]
RANK:=== COUNTER  Counter 8597 ===
	State_of_entity: 4.167706856836352E-7

SELECTED:[]
WRONG!
SILVER:205	23731	1	28	0	4102218	The old Charles Manson case , i mean , the guy is really -	5520	guy.n	304	People	MANUAL	6551273	43	45	JKs	guy
LINKED:[10	10	43	45	bn:00042306n		http://babelnet.org/rdf/s00042306n	0.0	0.0	0.0	MCS]
RANK:=== COUNTER  Counter 8598 ===
	Artifact: 1.8854374280823462E-7

SELECTED:[]
WRONG!
SILVER:205	23731	1	29	0	4102219	Yeah and the - yeah - there 's just everyday you hear on the news of another one like that um .	1532	hear.v	70	Perception_experience	MANUAL	6551275	49	52	JKs	hear
LINKED:[11	11	49	52	bn:00086933v		http://babelnet.org/rdf/s00086933v	1.0	1.0	0.5	BABELFY]
RANK:=== COUNTER  Counter 8599 ===
	Becoming_aware: 9.765625E-6

SELECTED:[]
WRONG!
SILVER:205	23731	1	30	0	4102220	Just should n't be allowed to to even even live uh about the issue about sentencing by the judge .	18752	allow.v	521	Prohibiting_or_licensing	MANUAL	6551278	19	25	JKs	allowed
LINKED:[5	5	19	25	bn:00082536v		http://babelnet.org/rdf/s00082536v	1.0	0.33333334	0.125	BABELFY]
RANK:=== COUNTER  Counter 8600 ===
	Make_possible_to_do: 2.777777777777778E-4

SELECTED:[]
WRONG!
SILVER:205	23731	1	30	0	4102220	Just should n't be allowed to to even even live uh about the issue about sentencing by the judge .	12630	issue.n	1608	Point_of_dispute	MANUAL	6551279	61	65	JKs	issue
LINKED:[14	14	61	65	bn:00047688n		http://babelnet.org/rdf/s00047688n	0.0	0.0	0.0	MCS]
RANK:=== COUNTER  Counter 8601 ===
	Point_of_dispute: 0.0012755102040816326

SELECTED:[Point_of_dispute]
MATCH!
SILVER:205	23731	1	30	0	4102220	Just should n't be allowed to to even even live uh about the issue about sentencing by the judge .	5341	sentence.v	297	Sentencing	MANUAL	6551280	73	82	JKs	sentencing
LINKED:[16	16	73	82	bn:00085548v		http://babelnet.org/rdf/s00085548v	1.0	0.33333334	0.125	BABELFY]
RANK:=== COUNTER  Counter 8602 ===
	Sentencing: 4.164931278633902E-4
	Spelling_and_pronouncing: 1.6659725114535613E-5
	Speak_on_topic: 1.5872763924382153E-5
	Becoming_aware: 9.765625E-6
	Text_creation: 5.484591041468993E-6
	Statement: 3.2727824934937087E-7
	Communication: 1.6511129078888688E-7

SELECTED:[Sentencing]
MATCH!
SILVER:205	23731	1	32	0	4102223	The - the - judge presently has an opportunity to intervene .	14709	judge.n	1071	People_by_vocation	MANUAL	6559505	12	16	AlK	judge
LINKED:[4	4	12	16	bn:00048488n	http://dbpedia.org/resource/Judge	http://babelnet.org/rdf/s00048488n	1.0	1.0	0.6666667	BABELFY]
RANK:=== COUNTER  Counter 8603 ===
	People_by_vocation: 1.972604469132685E-6
	Leadership: 1.2653086530662858E-6
	Employing: 8.833173158460059E-7
	People: 9.178366912266303E-9

SELECTED:[People_by_vocation]
MATCH!
SILVER:205	23731	2	32	0	4102224	Uh , when there 's - uh my understanding - when there 's , uh , a verdict and it , for example , there 's a hung jury here in Fort Worth two day in eight to four and bam bam the guy got off .	172	understanding.n	19	Awareness	MANUAL	6551283	27	39	JKs	understanding
LINKED:[8	8	27	39	bn:00095375v		http://babelnet.org/rdf/s00095375v	1.0	0.14285715	0.029411765	BABELFY]
RANK:=== COUNTER  Counter 8604 ===
	Grasp: 3.077870113881194E-4
	Categorization: 2.7700831024930747E-5
	Awareness: 8.80521973425847E-6

SELECTED:[Awareness]
MATCH!
SILVER:205	23731	2	32	0	4102224	Uh , when there 's - uh my understanding - when there 's , uh , a verdict and it , for example , there 's a hung jury here in Fort Worth two day in eight to four and bam bam the guy got off .	6183	verdict.n	318	Verdict	MANUAL	6551285	66	72	JKs	verdict
LINKED:[17	17	66	72	bn:00034552n	http://dbpedia.org/resource/Verdict	http://babelnet.org/rdf/s00034552n	1.0	0.2857143	0.29411766	BABELFY]
RANK:=== COUNTER  Counter 8605 ===
	Verdict: 3.1887755102040814E-4
	Commonality: 1.3364963747535836E-6

SELECTED:[Verdict]
MATCH!
SILVER:205	23731	2	32	0	4102224	Uh , when there 's - uh my understanding - when there 's , uh , a verdict and it , for example , there 's a hung jury here in Fort Worth two day in eight to four and bam bam the guy got off .	2653	example.n	132	Instance	MANUAL	6551286	87	93	JKs	example
LINKED:[22	22	87	93	bn:00032099n		http://babelnet.org/rdf/s00032099n	0.0	0.0	0.0	MCS]
RANK:=== COUNTER  Counter 8606 ===
	Instance: 0.01

SELECTED:[Instance]
MATCH!
SILVER:205	23731	2	32	0	4102224	Uh , when there 's - uh my understanding - when there 's , uh , a verdict and it , for example , there 's a hung jury here in Fort Worth two day in eight to four and bam bam the guy got off .	3875	day.n	224	Measure_duration	MANUAL	6551290	141	143	JKs	day
LINKED:[34	34	141	143	bn:00000086n	http://dbpedia.org/resource/Day	http://babelnet.org/rdf/s00000086n	0.0	0.0	0.0	MCS]
RANK:=== COUNTER  Counter 8607 ===
	Measure_duration: 1.1080332409972299E-4
	Calendric_unit: 2.3564897728343855E-5
	Timespan: 1.570341894837344E-6
	Quantity: 3.1847296037177256E-7

SELECTED:[Measure_duration]
MATCH!
SILVER:205	23731	2	32	0	4102224	Uh , when there 's - uh my understanding - when there 's , uh , a verdict and it , for example , there 's a hung jury here in Fort Worth two day in eight to four and bam bam the guy got off .	5520	guy.n	304	People	MANUAL	6551292	178	180	JKs	guy
LINKED:[43	43	178	180	bn:00012592n		http://babelnet.org/rdf/s00012592n	0.0	0.0	0.0	MCS]
RANK:=== COUNTER  Counter 8608 ===
	People_by_age: 3.088698144619024E-6
	People: 9.178366912266303E-9

SELECTED:[People]
MATCH!
SILVER:205	23731	3	32	0	4102225	Uh , he was , uh , he - he - was a veterinarian and killed two - a father and a son - okay .	8630	kill.v	590	Killing	MANUAL	6551293	52	57	JKs	killed
LINKED:[15	15	52	57	bn:00090098v		http://babelnet.org/rdf/s00090098v	0.0	0.0	0.0	MCS]
RANK:=== COUNTER  Counter 8609 ===
	Killing: 5.250997689561017E-5

SELECTED:[Killing]
MATCH!
SILVER:205	23731	3	32	0	4102225	Uh , he was , uh , he - he - was a veterinarian and killed two - a father and a son - okay .	2142	father.n	104	Kinship	MANUAL	6551295	67	72	JKs	father
LINKED:[19	19	67	72	bn:00009616n	http://dbpedia.org/resource/Father	http://babelnet.org/rdf/s00009616n	0.0	0.0	0.0	MCS]
RANK:=== COUNTER  Counter 8610 ===
	Birth: 5.94883997620464E-4
	Relation: 3.5430839002267575E-5
	Kinship: 1.721733441228629E-5
	Cause_to_start: 1.972604469132685E-6
	People: 9.178366912266303E-9

SELECTED:[Kinship]
MATCH!
SILVER:205	23731	3	32	0	4102225	Uh , he was , uh , he - he - was a veterinarian and killed two - a father and a son - okay .	2144	son.n	104	Kinship	MANUAL	6551296	80	82	JKs	son
LINKED:[22	22	80	82	bn:00051877n	http://dbpedia.org/resource/Logos	http://babelnet.org/rdf/s00051877n	0.8333333	1.0	0.41666666	BABELFY]
RANK:=== COUNTER  Counter 8611 ===

SELECTED:[]
WRONG!
SILVER:205	23731	1	33	0	4102226	Right , yeah , I heard about that on the news , yeah .	1532	hear.v	70	Perception_experience	MANUAL	6551297	17	21	JKs	heard
LINKED:[5	5	17	21	bn:00089277v		http://babelnet.org/rdf/s00089277v	0.0	0.0	0.0	MCS]
RANK:=== COUNTER  Counter 8612 ===
	Hear: 0.00390625
	Perception: 2.9726516052318666E-4
	Perception_experience: 3.265306122448979E-5
	Becoming_aware: 9.765625E-6

SELECTED:[Perception_experience]
MATCH!
SILVER:205	23731	1	35	0	4102228	Right rather than have to retrial the whole whole thing and spend all the money for people to , you know , go back to court and all the lawyers and i mean it just winds up costing the taxpayers a fortune - you know , a fortune - to keep doing that .	13361	money.n	1761	Money	MANUAL	6551310	74	78	JKs	money
LINKED:[14	14	74	78	bn:00055644n	http://dbpedia.org/resource/Money	http://babelnet.org/rdf/s00055644n	0.9350649	0.5625	0.14516129	BABELFY]
RANK:=== COUNTER  Counter 8613 ===
	Money: 3.077870113881194E-4
	Commerce_pay: 7.431629013079666E-5
	Quantity: 3.1847296037177256E-7

SELECTED:[Money]
MATCH!
SILVER:205	23731	1	35	0	4102228	Right rather than have to retrial the whole whole thing and spend all the money for people to , you know , go back to court and all the lawyers and i mean it just winds up costing the taxpayers a fortune - you know , a fortune - to keep doing that .	5511	people.n	304	People	MANUAL	6551311	84	89	JKs	people
LINKED:[16	16	84	89	bn:00061450n	http://dbpedia.org/resource/People	http://babelnet.org/rdf/s00061450n	0.0	0.0	0.0	MCS]
RANK:=== COUNTER  Counter 8614 ===
	People: 9.178366912266303E-9

SELECTED:[People]
MATCH!
SILVER:205	23731	1	35	0	4102228	Right rather than have to retrial the whole whole thing and spend all the money for people to , you know , go back to court and all the lawyers and i mean it just winds up costing the taxpayers a fortune - you know , a fortune - to keep doing that .	160	know.v	19	Awareness	MANUAL	6551312	100	103	JKs	know
LINKED:[20	20	100	103	bn:00085261v		http://babelnet.org/rdf/s00085261v	0.0	0.0	0.0	MCS]
RANK:=== COUNTER  Counter 8615 ===
	Certainty: 3.8446751249519417E-4
	Awareness: 8.80521973425847E-6

SELECTED:[Awareness]
MATCH!
SILVER:205	23731	1	35	0	4102228	Right rather than have to retrial the whole whole thing and spend all the money for people to , you know , go back to court and all the lawyers and i mean it just winds up costing the taxpayers a fortune - you know , a fortune - to keep doing that .	12625	court.n	1607	Judicial_body	MANUAL	6551313	118	122	JKs	court
LINKED:[25	25	118	122	bn:00023308n	http://dbpedia.org/resource/Court	http://babelnet.org/rdf/s00023308n	0.85046726	0.4375	0.09173387	BABELFY]
RANK:=== COUNTER  Counter 8616 ===
	Judicial_body: 6.925207756232687E-4
	Gathering_up: 9.351999925184E-6
	Aggregate: 2.511546836581182E-6

SELECTED:[Judicial_body]
MATCH!
SILVER:205	23731	1	35	0	4102228	Right rather than have to retrial the whole whole thing and spend all the money for people to , you know , go back to court and all the lawyers and i mean it just winds up costing the taxpayers a fortune - you know , a fortune - to keep doing that .	10412	lawyer.n	1071	People_by_vocation	MANUAL	6551315	136	142	JKs	lawyers
LINKED:[29	29	136	142	bn:00007051n	http://dbpedia.org/resource/Lawyer	http://babelnet.org/rdf/s00007051n	0.9074074	0.4375	0.098790325	BABELFY]
RANK:=== COUNTER  Counter 8617 ===
	People_by_age: 3.088698144619024E-6
	People_by_vocation: 1.972604469132685E-6
	People: 9.178366912266303E-9

SELECTED:[People_by_vocation]
MATCH!
SILVER:205	23731	1	35	0	4102228	Right rather than have to retrial the whole whole thing and spend all the money for people to , you know , go back to court and all the lawyers and i mean it just winds up costing the taxpayers a fortune - you know , a fortune - to keep doing that .	9190	cost.v	83	Expensiveness	MANUAL	6551316	172	178	JKs	costing
LINKED:[37	37	172	178	bn:00083193v		http://babelnet.org/rdf/s00083193v	1.0	0.125	0.004032258	BABELFY]
RANK:=== COUNTER  Counter 8618 ===
	Performers_and_roles: 1.1111111111111112E-5
	Commerce_scenario: 1.4446190828402369E-6

SELECTED:[]
WRONG!
SILVER:205	23731	1	35	0	4102228	Right rather than have to retrial the whole whole thing and spend all the money for people to , you know , go back to court and all the lawyers and i mean it just winds up costing the taxpayers a fortune - you know , a fortune - to keep doing that .	160	know.v	19	Awareness	MANUAL	6551317	210	213	JKs	know
LINKED:[44	44	210	213	bn:00085261v		http://babelnet.org/rdf/s00085261v	0.0	0.0	0.0	MCS]
RANK:=== COUNTER  Counter 8619 ===
	Certainty: 3.8446751249519417E-4
	Awareness: 8.80521973425847E-6

SELECTED:[Awareness]
MATCH!
SILVER:205	23731	1	35	0	4102228	Right rather than have to retrial the whole whole thing and spend all the money for people to , you know , go back to court and all the lawyers and i mean it just winds up costing the taxpayers a fortune - you know , a fortune - to keep doing that .	10380	keep.v	1060	Cause_to_continue	MANUAL	6551318	232	235	JKs	keep
LINKED:[50	50	232	235	bn:00089384v		http://babelnet.org/rdf/s00089384v	0.0	0.0	0.0	MCS]
RANK:=== COUNTER  Counter 8620 ===
	Cause_to_continue: 0.0022675736961451248
	Activity_ongoing: 8.163265306122448E-4

SELECTED:[Cause_to_continue]
MATCH!
SILVER:205	23731	1	36	0	4102229	The guy 's guilty .	5520	guy.n	304	People	MANUAL	6551320	4	6	JKs	guy
LINKED:[1	1	4	6	bn:00042306n		http://babelnet.org/rdf/s00042306n	0.0	0.0	0.0	MCS]
RANK:=== COUNTER  Counter 8621 ===
	Artifact: 1.8854374280823462E-7

SELECTED:[]
WRONG!
SILVER:205	23731	1	36	0	4102229	The guy 's guilty .	10511	guilty.a	1110	Guilt_or_innocence	MANUAL	6551321	11	16	JKs	guilty
LINKED:[3	3	11	16	bn:00103831a		http://babelnet.org/rdf/s00103831a	0.0	0.0	0.0	MCS]
RANK:=== COUNTER  Counter 8622 ===
	Verdict: 3.1887755102040814E-4

SELECTED:[]
WRONG!
SILVER:205	23731	1	37	0	4102231	And the victims you know the family of these people that have been murdered they just have to have it dragged on for years and years before they ever get any resolution .	18492	victim.n	115	Catastrophe	MANUAL	6551323	8	14	JKs	victims
LINKED:[2	2	8	14	bn:00079940n		http://babelnet.org/rdf/s00079940n	0.0	0.0	0.0	MCS]
RANK:=== COUNTER  Counter 8623 ===
	Undergoing: 5.408328826392645E-4
	People: 9.178366912266303E-9

SELECTED:[]
WRONG!
SILVER:205	23731	1	37	0	4102231	And the victims you know the family of these people that have been murdered they just have to have it dragged on for years and years before they ever get any resolution .	160	know.v	19	Awareness	MANUAL	6551324	20	23	JKs	know
LINKED:[4	4	20	23	bn:00085261v		http://babelnet.org/rdf/s00085261v	0.0	0.0	0.0	MCS]
RANK:=== COUNTER  Counter 8624 ===
	Certainty: 3.8446751249519417E-4
	Awareness: 8.80521973425847E-6

SELECTED:[Awareness]
MATCH!
SILVER:205	23731	1	37	0	4102231	And the victims you know the family of these people that have been murdered they just have to have it dragged on for years and years before they ever get any resolution .	2307	family.n	104	Kinship	MANUAL	6551325	29	34	JKs	family
LINKED:[6	6	29	34	bn:00032893n	http://dbpedia.org/resource/Family	http://babelnet.org/rdf/s00032893n	0.7878788	0.5	0.12530121	BABELFY]
RANK:=== COUNTER  Counter 8625 ===
	Kinship: 1.721733441228629E-5
	Aggregate: 2.511546836581182E-6

SELECTED:[Kinship]
MATCH!
SILVER:205	23731	1	37	0	4102231	And the victims you know the family of these people that have been murdered they just have to have it dragged on for years and years before they ever get any resolution .	5511	people.n	304	People	MANUAL	6551326	45	50	JKs	people
LINKED:[9	9	45	50	bn:00061450n	http://dbpedia.org/resource/People	http://babelnet.org/rdf/s00061450n	0.8888889	0.5	0.057831325	BABELFY]
RANK:=== COUNTER  Counter 8626 ===
	People: 9.178366912266303E-9

SELECTED:[People]
MATCH!
SILVER:205	23731	1	37	0	4102231	And the victims you know the family of these people that have been murdered they just have to have it dragged on for years and years before they ever get any resolution .	8639	murder.v	590	Killing	MANUAL	6551327	67	74	JKs	murdered
LINKED:[13	13	67	74	bn:00084236v		http://babelnet.org/rdf/s00084236v	1.0	0.25	0.009638554	BABELFY]
RANK:=== COUNTER  Counter 8627 ===
	Killing: 5.250997689561017E-5

SELECTED:[Killing]
MATCH!
SILVER:205	23731	1	37	0	4102231	And the victims you know the family of these people that have been murdered they just have to have it dragged on for years and years before they ever get any resolution .	4094	drag	145	Process_continue	MANUAL	6551329	102	108	EGp	dragged
LINKED:[20	20	102	108	bn:00087221v		http://babelnet.org/rdf/s00087221v	0.75	0.25	0.028915662	BABELFY]
RANK:=== COUNTER  Counter 8628 ===
	Process_continue: 0.002066115702479339
	Eventive_affecting: 5.94883997620464E-4
	Coincidence: 3.8446751249519417E-4
	Take_place_of: 2.295684113865932E-4
	Event: 7.929402939746845E-7

SELECTED:[Process_continue]
MATCH!
SILVER:205	23731	1	37	0	4102231	And the victims you know the family of these people that have been murdered they just have to have it dragged on for years and years before they ever get any resolution .	3878	year.n	224	Measure_duration	MANUAL	6551330	117	121	JKs	years
LINKED:[23	23	117	121	bn:00078738n	http://dbpedia.org/resource/Year	http://babelnet.org/rdf/s00078738n	0.0	0.0	0.0	MCS]
RANK:=== COUNTER  Counter 8629 ===
	Measure_duration: 1.1080332409972299E-4
	Calendric_unit: 2.3564897728343855E-5
	Location_in_time: 2.2144274376417234E-6
	Timespan: 1.570341894837344E-6

SELECTED:[Measure_duration]
MATCH!
SILVER:205	23731	1	37	0	4102231	And the victims you know the family of these people that have been murdered they just have to have it dragged on for years and years before they ever get any resolution .	3878	year.n	224	Measure_duration	MANUAL	6551331	127	131	JKs	years
LINKED:[25	25	127	131	bn:00078738n	http://dbpedia.org/resource/Year	http://babelnet.org/rdf/s00078738n	0.0	0.0	0.0	MCS]
RANK:=== COUNTER  Counter 8630 ===
	Measure_duration: 1.1080332409972299E-4
	Calendric_unit: 2.3564897728343855E-5
	Location_in_time: 2.2144274376417234E-6
	Timespan: 1.570341894837344E-6

SELECTED:[Measure_duration]
MATCH!
SILVER:205	23731	1	38	0	4102232	Exactly because it 's not next day they have the start the trial which is X number of months and just prolongs the situation that much more .	3946	day.n	229	Calendric_unit	MANUAL	6551335	31	33	JKs	day
LINKED:[6	6	31	33	bn:00000086n	http://dbpedia.org/resource/Day	http://babelnet.org/rdf/s00000086n	0.0	0.0	0.0	MCS]
RANK:=== COUNTER  Counter 8631 ===
	Measure_duration: 1.1080332409972299E-4
	Calendric_unit: 2.3564897728343855E-5
	Timespan: 1.570341894837344E-6
	Quantity: 3.1847296037177256E-7

SELECTED:[Calendric_unit]
MATCH!
SILVER:205	23731	1	38	0	4102232	Exactly because it 's not next day they have the start the trial which is X number of months and just prolongs the situation that much more .	4447	start.v	146	Activity_start	MANUAL	6551336	49	53	JKs	start
LINKED:[10	10	49	53	bn:00073989n		http://babelnet.org/rdf/s00073989n	0.0	0.0	0.0	MCS]
RANK:=== COUNTER  Counter 8632 ===

SELECTED:[]
WRONG!
SILVER:205	23731	1	38	0	4102232	Exactly because it 's not next day they have the start the trial which is X number of months and just prolongs the situation that much more .	8820	trial.n	201	Trial	MANUAL	6551337	59	63	JKs	trial
LINKED:[12	12	59	63	bn:00068548n		http://babelnet.org/rdf/s00068548n	0.0	0.0	0.0	MCS]
RANK:=== COUNTER  Counter 8633 ===
	Attempt: 6.830134553650708E-5

SELECTED:[]
WRONG!
SILVER:205	23731	1	38	0	4102232	Exactly because it 's not next day they have the start the trial which is X number of months and just prolongs the situation that much more .	3338	number.n	189	Quantified_mass	MANUAL	6551338	76	81	JKs	number
LINKED:[16	16	76	81	bn:00058285n	http://dbpedia.org/resource/Number	http://babelnet.org/rdf/s00058285n	0.7659575	0.5714286	0.26666668	BABELFY]
RANK:=== COUNTER  Counter 8634 ===
	Amounting_to: 8.264462809917355E-5
	Quantity: 3.1847296037177256E-7

SELECTED:[]
WRONG!
SILVER:205	23731	1	38	0	4102232	Exactly because it 's not next day they have the start the trial which is X number of months and just prolongs the situation that much more .	3877	month.n	224	Measure_duration	MANUAL	6551339	86	91	JKs	months
LINKED:[18	18	86	91	bn:00014710n	http://dbpedia.org/resource/Month	http://babelnet.org/rdf/s00014710n	0.9230769	0.42857143	0.17777778	BABELFY]
RANK:=== COUNTER  Counter 8635 ===
	Calendric_unit: 2.3564897728343855E-5
	Location_in_time: 2.2144274376417234E-6
	Timespan: 1.570341894837344E-6

SELECTED:[]
WRONG!
SILVER:205	23731	1	38	0	4102232	Exactly because it 's not next day they have the start the trial which is X number of months and just prolongs the situation that much more .	13465	prolong.v	1770	Change_event_duration	MANUAL	6551340	102	109	JKs	prolongs
LINKED:[21	21	102	109	bn:00090070v		http://babelnet.org/rdf/s00090070v	1.0	0.14285715	0.0074074073	BABELFY]
RANK:=== COUNTER  Counter 8636 ===
	Cause_to_continue: 0.0022675736961451248
	Activity_ongoing: 8.163265306122448E-4

SELECTED:[]
WRONG!
SILVER:205	23731	1	40	0	4102235	I think that that if it 's - if it 's - not a split decision , uh , go with the highest number and let 's just get on with the program .	11959	think.v	1412	Opinion	MANUAL	6551343	2	6	JKs	think
LINKED:[1	1	2	6	bn:00083370v		http://babelnet.org/rdf/s00083370v	0.0	0.0	0.0	MCS]
RANK:=== COUNTER  Counter 8637 ===
	Regard: 1.8765246762994932E-4
	Categorization: 2.7700831024930747E-5
	Assessing: 8.857709750566894E-6
	Awareness: 8.80521973425847E-6
	Opinion: 7.673360394717659E-6
	Cogitation: 2.2818338642400122E-6

SELECTED:[Opinion]
MATCH!
SILVER:205	23731	1	40	0	4102235	I think that that if it 's - if it 's - not a split decision , uh , go with the highest number and let 's just get on with the program .	7432	decision.n	363	Deciding	MANUAL	6551344	52	59	JKs	decision
LINKED:[15	15	52	59	bn:00021590n		http://babelnet.org/rdf/s00021590n	0.0	0.0	0.0	MCS]
RANK:=== COUNTER  Counter 8638 ===
	Choosing: 4.959333465582226E-5
	Intentionally_act: 3.921184197627684E-8

SELECTED:[]
WRONG!
SILVER:205	23731	1	40	0	4102235	I think that that if it 's - if it 's - not a split decision , uh , go with the highest number and let 's just get on with the program .	3338	number.n	189	Quantified_mass	MANUAL	6551346	88	93	JKs	number
LINKED:[23	23	88	93	bn:00034394n		http://babelnet.org/rdf/s00034394n	0.0	0.0	0.0	MCS]
RANK:=== COUNTER  Counter 8639 ===
	Amounting_to: 8.264462809917355E-5
	Differentiation: 3.4118700323172326E-7
	Quantity: 3.1847296037177256E-7

SELECTED:[]
WRONG!
SILVER:205	23731	1	40	0	4102235	I think that that if it 's - if it 's - not a split decision , uh , go with the highest number and let 's just get on with the program .	10724	program.n	1158	Project	MANUAL	6551347	127	133	JKs	program
LINKED:[32	32	127	133	bn:00062759n	http://dbpedia.org/resource/Program_management	http://babelnet.org/rdf/s00062759n	0.0	0.0	0.0	MCS]
RANK:=== COUNTER  Counter 8640 ===
	Project: 8.899964400142399E-5
	Purpose: 3.460207612456747E-5
	Coming_up_with: 2.07028621706951E-6

SELECTED:[Project]
MATCH!
SILVER:205	23731	3	43	0	4102241	Well if I - I saw on one of the talk shows this woman judge i believe from Florida and she just has just really stiff penalties and i saw that in in the hands of a judge that really was conscientious and really , you know , took the pains to give a sentence for what was deserved , it could - you could have a - a judge that would really make a good impact , but likewise you could have the flip side and have some judge that was paid off or you know had good - a good old boy network , or , for whatever reasons , you know , politics , just let all kinds of people through so he - he would have a heck - or - she would have a heck of a lot of power , you know , if used wrongly .	1535	see.v	70	Perception_experience	MANUAL	6551355	14	16	JKs	saw
LINKED:[5	5	14	16	bn:00093430v		http://babelnet.org/rdf/s00093430v	0.0	0.0	0.0	MCS]
RANK:=== COUNTER  Counter 8641 ===
	Perception: 2.9726516052318666E-4
	Perception_experience: 3.265306122448979E-5
	Becoming_aware: 9.765625E-6

SELECTED:[Perception_experience]
MATCH!
SILVER:205	23731	3	43	0	4102241	Well if I - I saw on one of the talk shows this woman judge i believe from Florida and she just has just really stiff penalties and i saw that in in the hands of a judge that really was conscientious and really , you know , took the pains to give a sentence for what was deserved , it could - you could have a - a judge that would really make a good impact , but likewise you could have the flip side and have some judge that was paid off or you know had good - a good old boy network , or , for whatever reasons , you know , politics , just let all kinds of people through so he - he would have a heck - or - she would have a heck of a lot of power , you know , if used wrongly .	5527	woman.n	304	People	MANUAL	6551358	48	52	JKs	woman
LINKED:[13	13	48	52	bn:00001530n	http://dbpedia.org/resource/Woman	http://babelnet.org/rdf/s00001530n	0.99248123	0.3137255	0.038037606	BABELFY]
RANK:=== COUNTER  Counter 8642 ===
	People_by_age: 3.088698144619024E-6
	People: 9.178366912266303E-9

SELECTED:[People]
MATCH!
SILVER:205	23731	3	43	0	4102241	Well if I - I saw on one of the talk shows this woman judge i believe from Florida and she just has just really stiff penalties and i saw that in in the hands of a judge that really was conscientious and really , you know , took the pains to give a sentence for what was deserved , it could - you could have a - a judge that would really make a good impact , but likewise you could have the flip side and have some judge that was paid off or you know had good - a good old boy network , or , for whatever reasons , you know , politics , just let all kinds of people through so he - he would have a heck - or - she would have a heck of a lot of power , you know , if used wrongly .	2756	believe.v	141	Certainty	MANUAL	6551360	62	68	JKs	believe
LINKED:[16	16	62	68	bn:00083370v		http://babelnet.org/rdf/s00083370v	0.81702125	0.23529412	0.013831857	BABELFY]
RANK:=== COUNTER  Counter 8643 ===
	Regard: 1.8765246762994932E-4
	Categorization: 2.7700831024930747E-5
	Assessing: 8.857709750566894E-6
	Awareness: 8.80521973425847E-6
	Opinion: 7.673360394717659E-6
	Cogitation: 2.2818338642400122E-6

SELECTED:[]
WRONG!
SILVER:205	23731	3	43	0	4102241	Well if I - I saw on one of the talk shows this woman judge i believe from Florida and she just has just really stiff penalties and i saw that in in the hands of a judge that really was conscientious and really , you know , took the pains to give a sentence for what was deserved , it could - you could have a - a judge that would really make a good impact , but likewise you could have the flip side and have some judge that was paid off or you know had good - a good old boy network , or , for whatever reasons , you know , politics , just let all kinds of people through so he - he would have a heck - or - she would have a heck of a lot of power , you know , if used wrongly .	3852	penalty.n	216	Rewards_and_punishments	MANUAL	6551363	118	126	JKs	penalties
LINKED:[26	26	118	126	bn:00061325n	http://dbpedia.org/resource/Punishment	http://babelnet.org/rdf/s00061325n	0.9139073	0.23529412	0.019883294	BABELFY]
RANK:=== COUNTER  Counter 8644 ===
	Rewards_and_punishments: 2.777777777777778E-4
	Commonality: 1.3364963747535836E-6

SELECTED:[Rewards_and_punishments]
MATCH!
SILVER:205	23731	3	43	0	4102241	Well if I - I saw on one of the talk shows this woman judge i believe from Florida and she just has just really stiff penalties and i saw that in in the hands of a judge that really was conscientious and really , you know , took the pains to give a sentence for what was deserved , it could - you could have a - a judge that would really make a good impact , but likewise you could have the flip side and have some judge that was paid off or you know had good - a good old boy network , or , for whatever reasons , you know , politics , just let all kinds of people through so he - he would have a heck - or - she would have a heck of a lot of power , you know , if used wrongly .	1535	see.v	70	Perception_experience	MANUAL	6551364	134	136	JKs	saw
LINKED:[29	29	134	136	bn:00093430v		http://babelnet.org/rdf/s00093430v	0.0	0.0	0.0	MCS]
RANK:=== COUNTER  Counter 8645 ===
	Perception: 2.9726516052318666E-4
	Perception_experience: 3.265306122448979E-5
	Becoming_aware: 9.765625E-6

SELECTED:[Perception_experience]
MATCH!
SILVER:205	23731	3	43	0	4102241	Well if I - I saw on one of the talk shows this woman judge i believe from Florida and she just has just really stiff penalties and i saw that in in the hands of a judge that really was conscientious and really , you know , took the pains to give a sentence for what was deserved , it could - you could have a - a judge that would really make a good impact , but likewise you could have the flip side and have some judge that was paid off or you know had good - a good old boy network , or , for whatever reasons , you know , politics , just let all kinds of people through so he - he would have a heck - or - she would have a heck of a lot of power , you know , if used wrongly .	2409	hand.n	119	Body_parts	MANUAL	6551365	153	157	JKs	hands
LINKED:[34	34	153	157	bn:00042759n	http://dbpedia.org/resource/Hand	http://babelnet.org/rdf/s00042759n	0.0	0.0	0.0	MCS]
RANK:=== COUNTER  Counter 8646 ===
	Observable_body_parts: 8.54963920522554E-6
	Part_whole: 1.312749422390254E-7

SELECTED:[]
WRONG!
SILVER:205	23731	3	43	0	4102241	Well if I - I saw on one of the talk shows this woman judge i believe from Florida and she just has just really stiff penalties and i saw that in in the hands of a judge that really was conscientious and really , you know , took the pains to give a sentence for what was deserved , it could - you could have a - a judge that would really make a good impact , but likewise you could have the flip side and have some judge that was paid off or you know had good - a good old boy network , or , for whatever reasons , you know , politics , just let all kinds of people through so he - he would have a heck - or - she would have a heck of a lot of power , you know , if used wrongly .	160	know.v	19	Awareness	MANUAL	6551367	217	220	JKs	know
LINKED:[46	46	217	220	bn:00085261v		http://babelnet.org/rdf/s00085261v	0.0	0.0	0.0	MCS]
RANK:=== COUNTER  Counter 8647 ===
	Certainty: 3.8446751249519417E-4
	Awareness: 8.80521973425847E-6

SELECTED:[Awareness]
MATCH!
SILVER:205	23731	3	43	0	4102241	Well if I - I saw on one of the talk shows this woman judge i believe from Florida and she just has just really stiff penalties and i saw that in in the hands of a judge that really was conscientious and really , you know , took the pains to give a sentence for what was deserved , it could - you could have a - a judge that would really make a good impact , but likewise you could have the flip side and have some judge that was paid off or you know had good - a good old boy network , or , for whatever reasons , you know , politics , just let all kinds of people through so he - he would have a heck - or - she would have a heck of a lot of power , you know , if used wrongly .	5342	sentence.n	297	Sentencing	MANUAL	6551370	249	256	JKs	sentence
LINKED:[54	54	249	256	bn:00070528n	http://dbpedia.org/resource/Sentence_(linguistics)	http://babelnet.org/rdf/s00070528n	0.0	0.0	0.0	MCS]
RANK:=== COUNTER  Counter 8648 ===
	Communication: 1.6511129078888688E-7

SELECTED:[]
WRONG!
SILVER:205	23731	3	43	0	4102241	Well if I - I saw on one of the talk shows this woman judge i believe from Florida and she just has just really stiff penalties and i saw that in in the hands of a judge that really was conscientious and really , you know , took the pains to give a sentence for what was deserved , it could - you could have a - a judge that would really make a good impact , but likewise you could have the flip side and have some judge that was paid off or you know had good - a good old boy network , or , for whatever reasons , you know , politics , just let all kinds of people through so he - he would have a heck - or - she would have a heck of a lot of power , you know , if used wrongly .	8311	deserve.v	541	Deserving	MANUAL	6551371	271	278	JKs	deserved
LINKED:[58	58	271	278	bn:00086670v		http://babelnet.org/rdf/s00086670v	1.0	0.078431375	0.0020171457	BABELFY]
RANK:=== COUNTER  Counter 8649 ===
	Deserving: 0.00591715976331361
	Performers_and_roles: 1.1111111111111112E-5

SELECTED:[Deserving]
MATCH!
SILVER:205	23731	3	43	0	4102241	Well if I - I saw on one of the talk shows this woman judge i believe from Florida and she just has just really stiff penalties and i saw that in in the hands of a judge that really was conscientious and really , you know , took the pains to give a sentence for what was deserved , it could - you could have a - a judge that would really make a good impact , but likewise you could have the flip side and have some judge that was paid off or you know had good - a good old boy network , or , for whatever reasons , you know , politics , just let all kinds of people through so he - he would have a heck - or - she would have a heck of a lot of power , you know , if used wrongly .	6287	good.a	354	Desirability	MANUAL	6551376	345	348	JKs	good
LINKED:[75	75	345	348	bn:00103672a		http://babelnet.org/rdf/s00103672a	0.0	0.0	0.0	MCS]
RANK:=== COUNTER  Counter 8650 ===
	Usefulness: 4.938271604938272E-4
	Desirability: 3.5599857600569594E-4
	Social_interaction_evaluation: 3.077870113881194E-4
	Expertise: 6.781684027777777E-6

SELECTED:[Desirability]
MATCH!
SILVER:205	23731	3	43	0	4102241	Well if I - I saw on one of the talk shows this woman judge i believe from Florida and she just has just really stiff penalties and i saw that in in the hands of a judge that really was conscientious and really , you know , took the pains to give a sentence for what was deserved , it could - you could have a - a judge that would really make a good impact , but likewise you could have the flip side and have some judge that was paid off or you know had good - a good old boy network , or , for whatever reasons , you know , politics , just let all kinds of people through so he - he would have a heck - or - she would have a heck of a lot of power , you know , if used wrongly .	11091	impact.n	1084	Objective_influence	MANUAL	6551377	350	355	JKs	impact
LINKED:[76	76	350	355	bn:00046064n	http://dbpedia.org/resource/Impact_(mechanics)	http://babelnet.org/rdf/s00046064n	0.0	0.0	0.0	MCS]
RANK:=== COUNTER  Counter 8651 ===
	Impact: 7.344246884203259E-6
	Event: 7.929402939746845E-7

SELECTED:[]
WRONG!
SILVER:205	23731	3	43	0	4102241	Well if I - I saw on one of the talk shows this woman judge i believe from Florida and she just has just really stiff penalties and i saw that in in the hands of a judge that really was conscientious and really , you know , took the pains to give a sentence for what was deserved , it could - you could have a - a judge that would really make a good impact , but likewise you could have the flip side and have some judge that was paid off or you know had good - a good old boy network , or , for whatever reasons , you know , politics , just let all kinds of people through so he - he would have a heck - or - she would have a heck of a lot of power , you know , if used wrongly .	2776	side.n	143	Part_orientational	MANUAL	6551380	396	399	JKs	side
LINKED:[85	85	396	399	bn:00071431n		http://babelnet.org/rdf/s00071431n	0.0	0.0	0.0	MCS]
RANK:=== COUNTER  Counter 8652 ===

SELECTED:[]
WRONG!
SILVER:205	23731	3	43	0	4102241	Well if I - I saw on one of the talk shows this woman judge i believe from Florida and she just has just really stiff penalties and i saw that in in the hands of a judge that really was conscientious and really , you know , took the pains to give a sentence for what was deserved , it could - you could have a - a judge that would really make a good impact , but likewise you could have the flip side and have some judge that was paid off or you know had good - a good old boy network , or , for whatever reasons , you know , politics , just let all kinds of people through so he - he would have a heck - or - she would have a heck of a lot of power , you know , if used wrongly .	160	know.v	19	Awareness	MANUAL	6551384	446	449	JKs	know
LINKED:[96	96	446	449	bn:00085261v		http://babelnet.org/rdf/s00085261v	0.0	0.0	0.0	MCS]
RANK:=== COUNTER  Counter 8653 ===
	Certainty: 3.8446751249519417E-4
	Awareness: 8.80521973425847E-6

SELECTED:[Awareness]
MATCH!
SILVER:205	23731	3	43	0	4102241	Well if I - I saw on one of the talk shows this woman judge i believe from Florida and she just has just really stiff penalties and i saw that in in the hands of a judge that really was conscientious and really , you know , took the pains to give a sentence for what was deserved , it could - you could have a - a judge that would really make a good impact , but likewise you could have the flip side and have some judge that was paid off or you know had good - a good old boy network , or , for whatever reasons , you know , politics , just let all kinds of people through so he - he would have a heck - or - she would have a heck of a lot of power , you know , if used wrongly .	6287	good.a	354	Desirability	MANUAL	6551386	455	458	JKs	good
LINKED:[98	98	455	458	bn:00103672a		http://babelnet.org/rdf/s00103672a	0.0	0.0	0.0	MCS]
RANK:=== COUNTER  Counter 8654 ===
	Usefulness: 4.938271604938272E-4
	Desirability: 3.5599857600569594E-4
	Social_interaction_evaluation: 3.077870113881194E-4
	Expertise: 6.781684027777777E-6

SELECTED:[Desirability]
MATCH!
SILVER:205	23731	3	43	0	4102241	Well if I - I saw on one of the talk shows this woman judge i believe from Florida and she just has just really stiff penalties and i saw that in in the hands of a judge that really was conscientious and really , you know , took the pains to give a sentence for what was deserved , it could - you could have a - a judge that would really make a good impact , but likewise you could have the flip side and have some judge that was paid off or you know had good - a good old boy network , or , for whatever reasons , you know , politics , just let all kinds of people through so he - he would have a heck - or - she would have a heck of a lot of power , you know , if used wrongly .	6287	good.a	354	Desirability	MANUAL	6551387	464	467	JKs	good
LINKED:[101	101	464	467	bn:00103672a		http://babelnet.org/rdf/s00103672a	0.0	0.0	0.0	MCS]
RANK:=== COUNTER  Counter 8655 ===
	Usefulness: 4.938271604938272E-4
	Desirability: 3.5599857600569594E-4
	Social_interaction_evaluation: 3.077870113881194E-4
	Expertise: 6.781684027777777E-6

SELECTED:[Desirability]
MATCH!
SILVER:205	23731	3	43	0	4102241	Well if I - I saw on one of the talk shows this woman judge i believe from Florida and she just has just really stiff penalties and i saw that in in the hands of a judge that really was conscientious and really , you know , took the pains to give a sentence for what was deserved , it could - you could have a - a judge that would really make a good impact , but likewise you could have the flip side and have some judge that was paid off or you know had good - a good old boy network , or , for whatever reasons , you know , politics , just let all kinds of people through so he - he would have a heck - or - she would have a heck of a lot of power , you know , if used wrongly .	10071	old.a	972	Age	MANUAL	6551388	469	471	JKs	old
LINKED:[102	102	469	471	bn:00107786a		http://babelnet.org/rdf/s00107786a	0.0	0.0	0.0	MCS]
RANK:=== COUNTER  Counter 8656 ===
	Age: 0.0030864197530864196

SELECTED:[Age]
MATCH!
SILVER:205	23731	3	43	0	4102241	Well if I - I saw on one of the talk shows this woman judge i believe from Florida and she just has just really stiff penalties and i saw that in in the hands of a judge that really was conscientious and really , you know , took the pains to give a sentence for what was deserved , it could - you could have a - a judge that would really make a good impact , but likewise you could have the flip side and have some judge that was paid off or you know had good - a good old boy network , or , for whatever reasons , you know , politics , just let all kinds of people through so he - he would have a heck - or - she would have a heck of a lot of power , you know , if used wrongly .	12638	network.n	1611	Network	MANUAL	6551389	477	483	JKs	network
LINKED:[104	104	477	483	bn:00024712n	http://dbpedia.org/resource/Cyberspace	http://babelnet.org/rdf/s00024712n	0.99205446	0.4509804	0.06296376	BABELFY]
RANK:=== COUNTER  Counter 8657 ===
	System: 1.1562030292519367E-4
	Gizmo: 6.514350723783452E-8
	Inherent_purpose: 3.71105971128475E-8

SELECTED:[]
WRONG!
SILVER:205	23731	3	43	0	4102241	Well if I - I saw on one of the talk shows this woman judge i believe from Florida and she just has just really stiff penalties and i saw that in in the hands of a judge that really was conscientious and really , you know , took the pains to give a sentence for what was deserved , it could - you could have a - a judge that would really make a good impact , but likewise you could have the flip side and have some judge that was paid off or you know had good - a good old boy network , or , for whatever reasons , you know , politics , just let all kinds of people through so he - he would have a heck - or - she would have a heck of a lot of power , you know , if used wrongly .	160	know.v	19	Awareness	MANUAL	6551390	519	522	JKs	know
LINKED:[113	113	519	522	bn:00085261v		http://babelnet.org/rdf/s00085261v	0.0	0.0	0.0	MCS]
RANK:=== COUNTER  Counter 8658 ===
	Certainty: 3.8446751249519417E-4
	Awareness: 8.80521973425847E-6

SELECTED:[Awareness]
MATCH!
SILVER:205	23731	3	43	0	4102241	Well if I - I saw on one of the talk shows this woman judge i believe from Florida and she just has just really stiff penalties and i saw that in in the hands of a judge that really was conscientious and really , you know , took the pains to give a sentence for what was deserved , it could - you could have a - a judge that would really make a good impact , but likewise you could have the flip side and have some judge that was paid off or you know had good - a good old boy network , or , for whatever reasons , you know , politics , just let all kinds of people through so he - he would have a heck - or - she would have a heck of a lot of power , you know , if used wrongly .	2557	kind.n	128	Type	MANUAL	6551392	550	554	JKs	kinds
LINKED:[120	120	550	554	bn:00035907n		http://babelnet.org/rdf/s00035907n	1.0	0.11764706	0.002593473	BABELFY]
RANK:=== COUNTER  Counter 8659 ===
	Type: 7.561436672967865E-5
	Categorization: 2.7700831024930747E-5
	Awareness: 8.80521973425847E-6
	Containing: 4.0812162024283235E-6
	Inclusion: 3.6840418359790892E-6
	Cogitation: 2.2818338642400122E-6
	Differentiation: 3.4118700323172326E-7

SELECTED:[Type]
MATCH!
SILVER:205	23731	3	43	0	4102241	Well if I - I saw on one of the talk shows this woman judge i believe from Florida and she just has just really stiff penalties and i saw that in in the hands of a judge that really was conscientious and really , you know , took the pains to give a sentence for what was deserved , it could - you could have a - a judge that would really make a good impact , but likewise you could have the flip side and have some judge that was paid off or you know had good - a good old boy network , or , for whatever reasons , you know , politics , just let all kinds of people through so he - he would have a heck - or - she would have a heck of a lot of power , you know , if used wrongly .	5511	people.n	304	People	MANUAL	6551395	559	564	JKs	people
LINKED:[122	122	559	564	bn:00061450n	http://dbpedia.org/resource/People	http://babelnet.org/rdf/s00061450n	0.7601626	0.21568628	0.013471652	BABELFY]
RANK:=== COUNTER  Counter 8660 ===
	People: 9.178366912266303E-9

SELECTED:[People]
MATCH!
SILVER:205	23731	3	43	0	4102241	Well if I - I saw on one of the talk shows this woman judge i believe from Florida and she just has just really stiff penalties and i saw that in in the hands of a judge that really was conscientious and really , you know , took the pains to give a sentence for what was deserved , it could - you could have a - a judge that would really make a good impact , but likewise you could have the flip side and have some judge that was paid off or you know had good - a good old boy network , or , for whatever reasons , you know , politics , just let all kinds of people through so he - he would have a heck - or - she would have a heck of a lot of power , you know , if used wrongly .	13232	a	189	Quantified_mass	MANUAL	6551398	637	639	EGp	lot
LINKED:[142	142	637	639	bn:00008279n		http://babelnet.org/rdf/s00008279n	0.7058824	0.05882353	8.6449104E-4	BABELFY]
RANK:=== COUNTER  Counter 8661 ===
	Aggregate: 2.511546836581182E-6

SELECTED:[]
WRONG!
SILVER:205	23731	3	43	0	4102241	Well if I - I saw on one of the talk shows this woman judge i believe from Florida and she just has just really stiff penalties and i saw that in in the hands of a judge that really was conscientious and really , you know , took the pains to give a sentence for what was deserved , it could - you could have a - a judge that would really make a good impact , but likewise you could have the flip side and have some judge that was paid off or you know had good - a good old boy network , or , for whatever reasons , you know , politics , just let all kinds of people through so he - he would have a heck - or - she would have a heck of a lot of power , you know , if used wrongly .	13595	power	73	Leadership	MANUAL	6551399	644	648	JKs	power
LINKED:[144	144	644	648	bn:00063940n	http://dbpedia.org/resource/Power_(social_and_political)	http://babelnet.org/rdf/s00063940n	0.0	0.0	0.0	MCS]
RANK:=== COUNTER  Counter 8662 ===
	Differentiation: 3.4118700323172326E-7

SELECTED:[]
WRONG!
SILVER:205	23731	3	43	0	4102241	Well if I - I saw on one of the talk shows this woman judge i believe from Florida and she just has just really stiff penalties and i saw that in in the hands of a judge that really was conscientious and really , you know , took the pains to give a sentence for what was deserved , it could - you could have a - a judge that would really make a good impact , but likewise you could have the flip side and have some judge that was paid off or you know had good - a good old boy network , or , for whatever reasons , you know , politics , just let all kinds of people through so he - he would have a heck - or - she would have a heck of a lot of power , you know , if used wrongly .	160	know.v	19	Awareness	MANUAL	6551400	656	659	JKs	know
LINKED:[147	147	656	659	bn:00085261v		http://babelnet.org/rdf/s00085261v	0.0	0.0	0.0	MCS]
RANK:=== COUNTER  Counter 8663 ===
	Certainty: 3.8446751249519417E-4
	Awareness: 8.80521973425847E-6

SELECTED:[Awareness]
MATCH!
SILVER:205	23731	3	43	0	4102241	Well if I - I saw on one of the talk shows this woman judge i believe from Florida and she just has just really stiff penalties and i saw that in in the hands of a judge that really was conscientious and really , you know , took the pains to give a sentence for what was deserved , it could - you could have a - a judge that would really make a good impact , but likewise you could have the flip side and have some judge that was paid off or you know had good - a good old boy network , or , for whatever reasons , you know , politics , just let all kinds of people through so he - he would have a heck - or - she would have a heck of a lot of power , you know , if used wrongly .	10619	use.v	1141	Using	MANUAL	6551401	666	669	JKs	used
LINKED:[150	150	666	669	bn:13783090v		http://babelnet.org/rdf/s13783090v	0.0	0.0	0.0	MCS]
RANK:=== COUNTER  Counter 8664 ===

SELECTED:[]
WRONG!
SILVER:205	23731	4	43	0	4102242	So , at least the jury system does something to prevent that , you know , or help it - with it - anyway .	12637	system.n	1610	System	MANUAL	6551402	23	28	JKs	system
LINKED:[6	6	23	28	bn:00075759n		http://babelnet.org/rdf/s00075759n	0.0	0.0	0.0	MCS]
RANK:=== COUNTER  Counter 8665 ===
	System: 1.1562030292519367E-4
	Gizmo: 6.514350723783452E-8
	Inherent_purpose: 3.71105971128475E-8

SELECTED:[System]
MATCH!
SILVER:205	23731	4	43	0	4102242	So , at least the jury system does something to prevent that , you know , or help it - with it - anyway .	8087	prevent.v	516	Preventing_or_letting	MANUAL	6551404	48	54	JKs	prevent
LINKED:[10	10	48	54	bn:00088454v		http://babelnet.org/rdf/s00088454v	1.0	0.33333334	0.05882353	BABELFY]
RANK:=== COUNTER  Counter 8666 ===
	Thwarting: 9.182736455463728E-4
	Preventing: 2.1003990758244068E-4

SELECTED:[]
WRONG!
SILVER:205	23731	4	43	0	4102242	So , at least the jury system does something to prevent that , you know , or help it - with it - anyway .	160	know.v	19	Awareness	MANUAL	6551405	67	70	JKs	know
LINKED:[14	14	67	70	bn:00085261v		http://babelnet.org/rdf/s00085261v	0.0	0.0	0.0	MCS]
RANK:=== COUNTER  Counter 8667 ===
	Certainty: 3.8446751249519417E-4
	Awareness: 8.80521973425847E-6

SELECTED:[Awareness]
MATCH!
SILVER:205	23731	4	43	0	4102242	So , at least the jury system does something to prevent that , you know , or help it - with it - anyway .	7041	help.v	391	Assistance	MANUAL	6551406	77	80	JKs	help
LINKED:[17	17	77	80	bn:00082481v		http://babelnet.org/rdf/s00082481v	0.0	0.0	0.0	MCS]
RANK:=== COUNTER  Counter 8668 ===
	Subordinates_and_superiors: 5.827166249053085E-5
	Assistance: 4.565376186997809E-5

SELECTED:[Assistance]
MATCH!
SILVER:205	23731	5	43	0	4102243	I do n't know if it prevents it but seems like the jury system does have it 's advantages , but i also - i 've also heard on trials that sometimes they go through , like , three hundred jurors before they hand pick these jurors that they think are going to be the ones that are going to be the most lenient you know .	160	know.v	19	Awareness	MANUAL	6551407	9	12	JKs	know
LINKED:[4	4	9	12	bn:00085261v		http://babelnet.org/rdf/s00085261v	0.0	0.0	0.0	MCS]
RANK:=== COUNTER  Counter 8669 ===
	Certainty: 3.8446751249519417E-4
	Awareness: 8.80521973425847E-6

SELECTED:[Awareness]
MATCH!
SILVER:205	23731	5	43	0	4102243	I do n't know if it prevents it but seems like the jury system does have it 's advantages , but i also - i 've also heard on trials that sometimes they go through , like , three hundred jurors before they hand pick these jurors that they think are going to be the ones that are going to be the most lenient you know .	8087	prevent.v	516	Preventing_or_letting	MANUAL	6551408	20	27	JKs	prevents
LINKED:[7	7	20	27	bn:00088454v		http://babelnet.org/rdf/s00088454v	1.0	0.13333334	0.0050251256	BABELFY]
RANK:=== COUNTER  Counter 8670 ===
	Thwarting: 9.182736455463728E-4
	Preventing: 2.1003990758244068E-4

SELECTED:[]
WRONG!
SILVER:205	23731	5	43	0	4102243	I do n't know if it prevents it but seems like the jury system does have it 's advantages , but i also - i 've also heard on trials that sometimes they go through , like , three hundred jurors before they hand pick these jurors that they think are going to be the ones that are going to be the most lenient you know .	1325	seem.v	67	Give_impression	MANUAL	6551409	36	40	JKs	seems
LINKED:[10	10	36	40	bn:00082690v		http://babelnet.org/rdf/s00082690v	0.0	0.0	0.0	MCS]
RANK:=== COUNTER  Counter 8671 ===
	Facial_expression: 0.002066115702479339
	Expressing_publicly: 3.1887755102040814E-4
	Appearance: 2.1003990758244068E-4
	Coming_to_be: 1.1814744801512288E-4
	Performers_and_roles: 1.1111111111111112E-5

SELECTED:[]
WRONG!
SILVER:205	23731	5	43	0	4102243	I do n't know if it prevents it but seems like the jury system does have it 's advantages , but i also - i 've also heard on trials that sometimes they go through , like , three hundred jurors before they hand pick these jurors that they think are going to be the ones that are going to be the most lenient you know .	12637	system.n	1610	System	MANUAL	6551410	56	61	JKs	system
LINKED:[14	14	56	61	bn:00075759n		http://babelnet.org/rdf/s00075759n	0.0	0.0	0.0	MCS]
RANK:=== COUNTER  Counter 8672 ===
	System: 1.1562030292519367E-4
	Gizmo: 6.514350723783452E-8
	Inherent_purpose: 3.71105971128475E-8

SELECTED:[System]
MATCH!
SILVER:205	23731	5	43	0	4102243	I do n't know if it prevents it but seems like the jury system does have it 's advantages , but i also - i 've also heard on trials that sometimes they go through , like , three hundred jurors before they hand pick these jurors that they think are going to be the ones that are going to be the most lenient you know .	1532	hear.v	70	Perception_experience	MANUAL	6551412	116	120	JKs	heard
LINKED:[28	28	116	120	bn:00089277v		http://babelnet.org/rdf/s00089277v	0.0	0.0	0.0	MCS]
RANK:=== COUNTER  Counter 8673 ===
	Hear: 0.00390625
	Perception: 2.9726516052318666E-4
	Perception_experience: 3.265306122448979E-5
	Becoming_aware: 9.765625E-6

SELECTED:[Perception_experience]
MATCH!
SILVER:205	23731	5	43	0	4102243	I do n't know if it prevents it but seems like the jury system does have it 's advantages , but i also - i 've also heard on trials that sometimes they go through , like , three hundred jurors before they hand pick these jurors that they think are going to be the ones that are going to be the most lenient you know .	8820	trial.n	201	Trial	MANUAL	6551413	125	130	JKs	trials
LINKED:[30	30	125	130	bn:00068548n		http://babelnet.org/rdf/s00068548n	0.0	0.0	0.0	MCS]
RANK:=== COUNTER  Counter 8674 ===
	Attempt: 6.830134553650708E-5

SELECTED:[]
WRONG!
SILVER:205	23731	5	43	0	4102243	I do n't know if it prevents it but seems like the jury system does have it 's advantages , but i also - i 've also heard on trials that sometimes they go through , like , three hundred jurors before they hand pick these jurors that they think are going to be the ones that are going to be the most lenient you know .	6271	pick.v	352	Choosing	MANUAL	6551417	210	213	JKs	pick
LINKED:[45	45	210	213	bn:00091590v		http://babelnet.org/rdf/s00091590v	0.0	0.0	0.0	MCS]
RANK:=== COUNTER  Counter 8675 ===
	Eventive_cognizer_affecting: 2.1003990758244068E-4
	Deciding: 2.040816326530612E-4
	Choosing: 4.959333465582226E-5

SELECTED:[Choosing]
MATCH!
SILVER:205	23731	5	43	0	4102243	I do n't know if it prevents it but seems like the jury system does have it 's advantages , but i also - i 've also heard on trials that sometimes they go through , like , three hundred jurors before they hand pick these jurors that they think are going to be the ones that are going to be the most lenient you know .	11959	think.v	1412	Opinion	MANUAL	6551418	238	242	JKs	think
LINKED:[50	50	238	242	bn:00083370v		http://babelnet.org/rdf/s00083370v	0.0	0.0	0.0	MCS]
RANK:=== COUNTER  Counter 8676 ===
	Regard: 1.8765246762994932E-4
	Categorization: 2.7700831024930747E-5
	Assessing: 8.857709750566894E-6
	Awareness: 8.80521973425847E-6
	Opinion: 7.673360394717659E-6
	Cogitation: 2.2818338642400122E-6

SELECTED:[Opinion]
MATCH!
SILVER:205	23731	5	43	0	4102243	I do n't know if it prevents it but seems like the jury system does have it 's advantages , but i also - i 've also heard on trials that sometimes they go through , like , three hundred jurors before they hand pick these jurors that they think are going to be the ones that are going to be the most lenient you know .	1627	lenient.a	75	Strictness	MANUAL	6551419	299	305	JKs	lenient
LINKED:[64	64	299	305	bn:00104992a		http://babelnet.org/rdf/s00104992a	0.0	0.0	0.0	MCS]
RANK:=== COUNTER  Counter 8677 ===

SELECTED:[]
WRONG!
SILVER:205	23731	5	43	0	4102243	I do n't know if it prevents it but seems like the jury system does have it 's advantages , but i also - i 've also heard on trials that sometimes they go through , like , three hundred jurors before they hand pick these jurors that they think are going to be the ones that are going to be the most lenient you know .	160	know.v	19	Awareness	MANUAL	6551420	311	314	JKs	know
LINKED:[66	66	311	314	bn:00085261v		http://babelnet.org/rdf/s00085261v	0.0	0.0	0.0	MCS]
RANK:=== COUNTER  Counter 8678 ===
	Certainty: 3.8446751249519417E-4
	Awareness: 8.80521973425847E-6

SELECTED:[Awareness]
MATCH!
SILVER:205	23731	6	43	0	4102244	And i do n't know how much they 're getting just a jury of their peers at that point .	160	know.v	19	Awareness	MANUAL	6551421	13	16	JKs	know
LINKED:[5	5	13	16	bn:00085261v		http://babelnet.org/rdf/s00085261v	0.0	0.0	0.0	MCS]
RANK:=== COUNTER  Counter 8679 ===
	Certainty: 3.8446751249519417E-4
	Awareness: 8.80521973425847E-6

SELECTED:[Awareness]
MATCH!
SILVER:205	23731	7	43	0	4102245	They 're really getting a select group .	2112	group.n	103	Aggregate	MANUAL	6551424	33	37	JKs	group
LINKED:[6	6	33	37	bn:00041942n		http://babelnet.org/rdf/s00041942n	1.0	1.0	0.5	BABELFY]
RANK:=== COUNTER  Counter 8680 ===
	Aggregate: 2.511546836581182E-6
	Organization: 5.470746822590246E-7

SELECTED:[Aggregate]
MATCH!
SILVER:205	23731	8	43	0	4102246	It 's not just random people .	5511	people.n	304	People	MANUAL	6551425	22	27	JKs	people
LINKED:[5	5	22	27	bn:00061450n	http://dbpedia.org/resource/People	http://babelnet.org/rdf/s00061450n	0.0	0.0	0.0	MCS]
RANK:=== COUNTER  Counter 8681 ===
	People: 9.178366912266303E-9

SELECTED:[People]
MATCH!
SILVER:205	23731	1	45	0	4102248	It almost should be the first twelve people that they - you know - that have on a list are the ones that are on the jury and that 's it .	5511	people.n	304	People	MANUAL	6551428	37	42	JKs	people
LINKED:[7	7	37	42	bn:00061450n	http://dbpedia.org/resource/People	http://babelnet.org/rdf/s00061450n	1.0	0.6666667	0.4	BABELFY]
RANK:=== COUNTER  Counter 8682 ===
	People: 9.178366912266303E-9

SELECTED:[People]
MATCH!
SILVER:205	23731	1	45	0	4102248	It almost should be the first twelve people that they - you know - that have on a list are the ones that are on the jury and that 's it .	160	know.v	19	Awareness	MANUAL	6551429	60	63	JKs	know
LINKED:[12	12	60	63	bn:00085261v		http://babelnet.org/rdf/s00085261v	0.0	0.0	0.0	MCS]
RANK:=== COUNTER  Counter 8683 ===
	Certainty: 3.8446751249519417E-4
	Awareness: 8.80521973425847E-6

SELECTED:[Awareness]
MATCH!
SILVER:205	23731	1	45	0	4102248	It almost should be the first twelve people that they - you know - that have on a list are the ones that are on the jury and that 's it .	13756	list.n	298	Text	MANUAL	6551431	82	85	JKs	list
LINKED:[18	18	82	85	bn:00051508n	http://dbpedia.org/resource/Listing_(computer)	http://babelnet.org/rdf/s00051508n	0.0	0.0	0.0	MCS]
RANK:=== COUNTER  Counter 8684 ===
	Information: 1.6659725114535613E-5
	Text: 3.65093418278402E-7
	Statement: 3.2727824934937087E-7

SELECTED:[Text]
MATCH!
SILVER:205	23731	1	46	0	4102249	Yeah , yeah , I get back to Price 's comment when he , uh , was found guilty he said , well , he did n't have any blacks , uh , you know from his neck of the woods .	698	comment.n	43	Statement	MANUAL	6551432	37	43	JKs	comment
LINKED:[10	10	37	43	bn:00020977n		http://babelnet.org/rdf/s00020977n	0.8888889	0.22222222	0.074074075	BABELFY]
RANK:=== COUNTER  Counter 8685 ===
	Statement: 3.2727824934937087E-7

SELECTED:[Statement]
MATCH!
SILVER:205	23731	1	46	0	4102249	Yeah , yeah , I get back to Price 's comment when he , uh , was found guilty he said , well , he did n't have any blacks , uh , you know from his neck of the woods .	6173	find.v	318	Verdict	MANUAL	6551433	64	68	JKs	found
LINKED:[17	17	64	68	bn:00084231v		http://babelnet.org/rdf/s00084231v	0.0	0.0	0.0	MCS]
RANK:=== COUNTER  Counter 8686 ===
	Locating: 0.02040816326530612
	Becoming_aware: 9.765625E-6

SELECTED:[]
WRONG!
SILVER:205	23731	1	46	0	4102249	Yeah , yeah , I get back to Price 's comment when he , uh , was found guilty he said , well , he did n't have any blacks , uh , you know from his neck of the woods .	8316	guilty.a	318	Verdict	MANUAL	6551434	70	75	JKs	guilty
LINKED:[18	18	70	75	bn:00103831a		http://babelnet.org/rdf/s00103831a	0.0	0.0	0.0	MCS]
RANK:=== COUNTER  Counter 8687 ===
	Verdict: 3.1887755102040814E-4

SELECTED:[Verdict]
MATCH!
SILVER:205	23731	1	46	0	4102249	Yeah , yeah , I get back to Price 's comment when he , uh , was found guilty he said , well , he did n't have any blacks , uh , you know from his neck of the woods .	751	say.v	43	Statement	MANUAL	6551435	80	83	JKs	said
LINKED:[20	20	80	83	bn:00093287v		http://babelnet.org/rdf/s00093287v	1.0	0.33333334	0.1388889	BABELFY]
RANK:=== COUNTER  Counter 8688 ===
	Spelling_and_pronouncing: 1.6659725114535613E-5
	Speak_on_topic: 1.5872763924382153E-5
	Becoming_aware: 9.765625E-6
	Text_creation: 5.484591041468993E-6
	Statement: 3.2727824934937087E-7
	Communication: 1.6511129078888688E-7

SELECTED:[Statement]
MATCH!
SILVER:205	23731	1	46	0	4102249	Yeah , yeah , I get back to Price 's comment when he , uh , was found guilty he said , well , he did n't have any blacks , uh , you know from his neck of the woods .	160	know.v	19	Awareness	MANUAL	6551437	132	135	JKs	know
LINKED:[35	35	132	135	bn:00085261v		http://babelnet.org/rdf/s00085261v	0.0	0.0	0.0	MCS]
RANK:=== COUNTER  Counter 8689 ===
	Certainty: 3.8446751249519417E-4
	Awareness: 8.80521973425847E-6

SELECTED:[Awareness]
MATCH!
SILVER:205	23731	1	46	0	4102249	Yeah , yeah , I get back to Price 's comment when he , uh , was found guilty he said , well , he did n't have any blacks , uh , you know from his neck of the woods .	3471	wood.n	193	Biological_area	MANUAL	6551438	158	162	JKs	woods
LINKED:[41	41	158	162	bn:00081492n	http://dbpedia.org/resource/Wood	http://babelnet.org/rdf/s00081492n	0.0	0.0	0.0	MCS]
RANK:=== COUNTER  Counter 8690 ===
	Ingredients: 5.183170659522184E-7
	Substance: 8.305027032862993E-8

SELECTED:[]
WRONG!
SILVER:205	23731	2	46	0	4102250	Well , give me a break you know .	160	know.v	19	Awareness	MANUAL	6551440	27	30	JKs	know
LINKED:[7	7	27	30	bn:00085261v		http://babelnet.org/rdf/s00085261v	0.0	0.0	0.0	MCS]
RANK:=== COUNTER  Counter 8691 ===
	Certainty: 3.8446751249519417E-4
	Awareness: 8.80521973425847E-6

SELECTED:[Awareness]
MATCH!
SILVER:205	23731	1	47	0	4102251	You know .	160	know.v	19	Awareness	MANUAL	6551441	4	7	JKs	know
LINKED:[1	1	4	7	bn:00085261v		http://babelnet.org/rdf/s00085261v	0.0	0.0	0.0	MCS]
RANK:=== COUNTER  Counter 8692 ===
	Certainty: 3.8446751249519417E-4
	Awareness: 8.80521973425847E-6

SELECTED:[Awareness]
MATCH!
SILVER:205	23731	1	48	0	4102252	He 'd have to have his whole family up there for him to feel like he 's got his peers or something , yeah .	2307	family.n	104	Kinship	MANUAL	6551444	29	34	JKs	family
LINKED:[7	7	29	34	bn:00032892n	http://dbpedia.org/resource/Household	http://babelnet.org/rdf/s00032892n	0.0	0.0	0.0	MCS]
RANK:=== COUNTER  Counter 8693 ===
	Organization: 5.470746822590246E-7

SELECTED:[]
WRONG!
SILVER:205	23731	1	48	0	4102252	He 'd have to have his whole family up there for him to feel like he 's got his peers or something , yeah .	11073	have	118	Possession	MANUAL	6551445	72	74	EGp	got
LINKED:[17	17	72	74	bn:13677111v		http://babelnet.org/rdf/s13677111v	0.0	0.0	0.0	MCS]
RANK:=== COUNTER  Counter 8694 ===

SELECTED:[]
WRONG!
SILVER:205	23731	2	49	0	4102254	Yeah , yeah , I mean you 're - you 're in Dallas so - everybody - i ca n't believe they can , uh , like in a murder situations , they look for juries who do n't know anything about the system well or know anything about the - the - occurrence .	13161	believe.v	1731	Trust	MANUAL	6551447	75	81	JKs	believe
LINKED:[21	21	75	81	bn:00083369v		http://babelnet.org/rdf/s00083369v	0.0	0.0	0.0	MCS]
RANK:=== COUNTER  Counter 8695 ===
	Trust: 0.0011111111111111111
	Certainty: 3.8446751249519417E-4
	Assessing: 8.857709750566894E-6
	Cogitation: 2.2818338642400122E-6

SELECTED:[Trust]
MATCH!
SILVER:205	23731	2	49	0	4102254	Yeah , yeah , I mean you 're - you 're in Dallas so - everybody - i ca n't believe they can , uh , like in a murder situations , they look for juries who do n't know anything about the system well or know anything about the - the - occurrence .	9052	murder.n	590	Killing	MANUAL	6551449	109	114	JKs	murder
LINKED:[30	30	109	114	bn:00032175n	http://dbpedia.org/resource/Murder	http://babelnet.org/rdf/s00032175n	0.0	0.0	0.0	MCS]
RANK:=== COUNTER  Counter 8696 ===
	Offenses: 6.830134553650708E-5
	Killing: 5.250997689561017E-5
	Cause_change: 8.931987913948513E-8

SELECTED:[Killing]
MATCH!
SILVER:205	23731	2	49	0	4102254	Yeah , yeah , I mean you 're - you 're in Dallas so - everybody - i ca n't believe they can , uh , like in a murder situations , they look for juries who do n't know anything about the system well or know anything about the - the - occurrence .	4901	look.v	269	Seeking	MANUAL	6551450	134	137	JKs	look
LINKED:[34	34	134	137	bn:00090448v		http://babelnet.org/rdf/s00090448v	0.0	0.0	0.0	MCS]
RANK:=== COUNTER  Counter 8697 ===
	Seeking: 1.1562030292519367E-4
	Perception_active: 2.986055122577563E-5
	Scrutiny: 1.2755102040816325E-5

SELECTED:[Seeking]
MATCH!
SILVER:205	23731	2	49	0	4102254	Yeah , yeah , I mean you 're - you 're in Dallas so - everybody - i ca n't believe they can , uh , like in a murder situations , they look for juries who do n't know anything about the system well or know anything about the - the - occurrence .	160	know.v	19	Awareness	MANUAL	6551451	161	164	JKs	know
LINKED:[41	41	161	164	bn:00085261v		http://babelnet.org/rdf/s00085261v	0.0	0.0	0.0	MCS]
RANK:=== COUNTER  Counter 8698 ===
	Certainty: 3.8446751249519417E-4
	Awareness: 8.80521973425847E-6

SELECTED:[Awareness]
MATCH!
SILVER:205	23731	2	49	0	4102254	Yeah , yeah , I mean you 're - you 're in Dallas so - everybody - i ca n't believe they can , uh , like in a murder situations , they look for juries who do n't know anything about the system well or know anything about the - the - occurrence .	12637	system.n	1610	System	MANUAL	6551452	185	190	JKs	system
LINKED:[45	45	185	190	bn:00075759n		http://babelnet.org/rdf/s00075759n	0.0	0.0	0.0	MCS]
RANK:=== COUNTER  Counter 8699 ===
	System: 1.1562030292519367E-4
	Gizmo: 6.514350723783452E-8
	Inherent_purpose: 3.71105971128475E-8

SELECTED:[System]
MATCH!
SILVER:205	23731	2	49	0	4102254	Yeah , yeah , I mean you 're - you 're in Dallas so - everybody - i ca n't believe they can , uh , like in a murder situations , they look for juries who do n't know anything about the system well or know anything about the - the - occurrence .	160	know.v	19	Awareness	MANUAL	6551453	200	203	JKs	know
LINKED:[48	48	200	203	bn:00085261v		http://babelnet.org/rdf/s00085261v	0.0	0.0	0.0	MCS]
RANK:=== COUNTER  Counter 8700 ===
	Certainty: 3.8446751249519417E-4
	Awareness: 8.80521973425847E-6

SELECTED:[Awareness]
MATCH!
SILVER:205	23731	1	51	0	4102257	You 'd be in - have to be in - a cave not to know what 's going on .	3517	cave.n	191	Natural_features	MANUAL	6551458	33	36	JKs	cave
LINKED:[11	11	33	36	bn:00016878n	http://dbpedia.org/resource/Cave	http://babelnet.org/rdf/s00016878n	0.0	0.0	0.0	MCS]
RANK:=== COUNTER  Counter 8701 ===
	Natural_features: 8.718084183564494E-7

SELECTED:[Natural_features]
MATCH!
SILVER:205	23731	1	51	0	4102257	You 'd be in - have to be in - a cave not to know what 's going on .	160	know.v	19	Awareness	MANUAL	6551459	45	48	JKs	know
LINKED:[14	14	45	48	bn:00085261v		http://babelnet.org/rdf/s00085261v	0.0	0.0	0.0	MCS]
RANK:=== COUNTER  Counter 8702 ===
	Certainty: 3.8446751249519417E-4
	Awareness: 8.80521973425847E-6

SELECTED:[Awareness]
MATCH!
SILVER:205	23731	2	51	0	4102258	Or moving it to Lubbock or somewhere possibly is not the answer .	2304	possibly.adv	114	Likelihood	MANUAL	6551463	37	44	JKs	possibly
LINKED:[7	7	37	44	bn:00116658r		http://babelnet.org/rdf/s00116658r	0.0	0.0	0.0	MCS]
RANK:=== COUNTER  Counter 8703 ===
	Likelihood: 1.7313019390581717E-4

SELECTED:[Likelihood]
MATCH!
SILVER:205	23731	2	51	0	4102258	Or moving it to Lubbock or somewhere possibly is not the answer .	660	answer.n	42	Communication_response	MANUAL	6551464	57	62	JKs	answer
LINKED:[11	11	57	62	bn:00004453n		http://babelnet.org/rdf/s00004453n	0.0	0.0	0.0	MCS]
RANK:=== COUNTER  Counter 8704 ===
	Communication_response: 1.2075836251660429E-4
	Intentionally_act: 3.921184197627684E-8

SELECTED:[Communication_response]
MATCH!
SILVER:205	23731	2	52	0	4102260	Oh , they 'd have to move it to Taiwan for people not to know about it practically .	5511	people.n	304	People	MANUAL	6551468	43	48	JKs	people
LINKED:[11	11	43	48	bn:02566680n	http://dbpedia.org/resource/People!	http://babelnet.org/rdf/s02566680n	1.0	0.5	0.09090909	BABELFY]
RANK:=== COUNTER  Counter 8705 ===

SELECTED:[]
WRONG!
SILVER:205	23731	2	52	0	4102260	Oh , they 'd have to move it to Taiwan for people not to know about it practically .	160	know.v	19	Awareness	MANUAL	6551469	57	60	JKs	know
LINKED:[14	14	57	60	bn:00085261v		http://babelnet.org/rdf/s00085261v	0.0	0.0	0.0	MCS]
RANK:=== COUNTER  Counter 8706 ===
	Certainty: 3.8446751249519417E-4
	Awareness: 8.80521973425847E-6

SELECTED:[Awareness]
MATCH!
SILVER:205	23731	2	53	0	4102262	Well , this has been an interesting conversation .	14920	interesting.a	2046	Mental_stimulus_stimulus_focus	MANUAL	6551470	24	34	JKs	interesting
LINKED:[6	6	24	34	bn:00089814v		http://babelnet.org/rdf/s00089814v	0.0	0.0	0.0	MCS]
RANK:=== COUNTER  Counter 8707 ===
	Experiencer_obj: 3.655919482029328E-6
	Coming_up_with: 2.07028621706951E-6
	Building: 2.0062756301711757E-6
	Cause_to_start: 1.972604469132685E-6
	Creating: 1.0161940686784598E-6
	Intentionally_create: 7.762619107686934E-7

SELECTED:[]
WRONG!
SILVER:205	23731	2	53	0	4102262	Well , this has been an interesting conversation .	9972	conversation.n	910	Chatting	MANUAL	6551471	36	47	JKs	conversation
LINKED:[7	7	36	47	bn:00022349n	http://dbpedia.org/resource/Conversation	http://babelnet.org/rdf/s00022349n	0.0	0.0	0.0	MCS]
RANK:=== COUNTER  Counter 8708 ===
	Chatting: 1.3520822065981613E-4
	Communication: 1.6511129078888688E-7

SELECTED:[Chatting]
MATCH!
SILVER:205	23731	2	54	0	4102264	Well , really , this is - breaks up my afternoon from changing diapers and mopping floors .	12090	break	414	Cause_to_fragment	MANUAL	6551472	26	31	EGp	breaks
LINKED:[7	7	26	31	bn:00012896n		http://babelnet.org/rdf/s00012896n	0.0	0.0	0.0	MCS]
RANK:=== COUNTER  Counter 8709 ===
	Opportunity: 5.408328826392645E-4

SELECTED:[]
WRONG!
SILVER:205	23731	2	54	0	4102264	Well , really , this is - breaks up my afternoon from changing diapers and mopping floors .	4060	afternoon.n	229	Calendric_unit	MANUAL	6551473	39	47	JKs	afternoon
LINKED:[10	10	39	47	bn:00001875n	http://dbpedia.org/resource/Afternoon	http://babelnet.org/rdf/s00001875n	0.0	0.0	0.0	MCS]
RANK:=== COUNTER  Counter 8710 ===
	Calendric_unit: 2.3564897728343855E-5
	Location_in_time: 2.2144274376417234E-6
	Timespan: 1.570341894837344E-6

SELECTED:[Calendric_unit]
MATCH!
SILVER:205	23731	2	54	0	4102264	Well , really , this is - breaks up my afternoon from changing diapers and mopping floors .	10782	change.v	1121	Replacing	MANUAL	6551474	54	61	JKs	changing
LINKED:[12	12	54	61	bn:00082553v		http://babelnet.org/rdf/s00082553v	0.0	0.0	0.0	MCS]
RANK:=== COUNTER  Counter 8711 ===
	Cause_change: 8.931987913948513E-8

SELECTED:[]
WRONG!
SILVER:205	23731	2	54	0	4102264	Well , really , this is - breaks up my afternoon from changing diapers and mopping floors .	10065	floor.n	971	Architectural_part	MANUAL	6551475	83	88	JKs	floors
LINKED:[16	16	83	88	bn:00035304n	http://dbpedia.org/resource/Floor	http://babelnet.org/rdf/s00035304n	1.0	0.6666667	0.25	BABELFY]
RANK:=== COUNTER  Counter 8712 ===
	Architectural_part: 1.2913223140495868E-4
	Part_inner_outer: 1.4907350814686723E-5

SELECTED:[Architectural_part]
MATCH!
SILVER:205	23731	3	54	0	4102265	I mean , what can i say ?	751	say.v	43	Statement	MANUAL	6551477	20	22	JKs	say
LINKED:[6	6	20	22	bn:00093287v		http://babelnet.org/rdf/s00093287v	0.0	0.0	0.0	MCS]
RANK:=== COUNTER  Counter 8713 ===
	Spelling_and_pronouncing: 1.6659725114535613E-5
	Speak_on_topic: 1.5872763924382153E-5
	Becoming_aware: 9.765625E-6
	Text_creation: 5.484591041468993E-6
	Statement: 3.2727824934937087E-7
	Communication: 1.6511129078888688E-7

SELECTED:[Statement]
MATCH!
SILVER:205	23731	4	54	0	4102266	No , i 'm at home with two little kids preschoolers .	3012	home.n	173	Buildings	MANUAL	6551479	13	16	JKs	home
LINKED:[5	5	13	16	bn:00000356n	http://dbpedia.org/resource/Home	http://babelnet.org/rdf/s00000356n	0.0	0.0	0.0	MCS]
RANK:=== COUNTER  Counter 8714 ===
	Expected_location_of_person: 0.0625
	Foreign_or_domestic_country: 0.008264462809917356
	Locale_by_use: 1.512930258453876E-6
	Buildings: 5.243395811890029E-7

SELECTED:[Buildings]
MATCH!
SILVER:205	23731	4	54	0	4102266	No , i 'm at home with two little kids preschoolers .	10087	kid.n	973	People_by_age	MANUAL	6551481	34	37	JKs	kids
LINKED:[9	9	34	37	bn:00049077n	http://dbpedia.org/resource/Kidskin	http://babelnet.org/rdf/s00049077n	0.0	0.0	0.0	MCS]
RANK:=== COUNTER  Counter 8715 ===
	Ingredients: 5.183170659522184E-7
	Substance: 8.305027032862993E-8

SELECTED:[]
WRONG!
SILVER:205	23731	5	54	0	4102267	My husband works for TI .	2025	husband.n	102	Personal_relationship	MANUAL	6551483	3	9	JKs	husband
LINKED:[1	1	3	9	bn:00045106n	http://dbpedia.org/resource/Husband	http://babelnet.org/rdf/s00045106n	0.0	0.0	0.0	MCS]
RANK:=== COUNTER  Counter 8716 ===
	Relation: 3.5430839002267575E-5
	Personal_relationship: 3.419855682090216E-5
	Kinship: 1.721733441228629E-5
	People: 9.178366912266303E-9

SELECTED:[Personal_relationship]
MATCH!
SILVER:205	23731	5	54	0	4102267	My husband works for TI .	5780	work.v	282	Being_employed	MANUAL	6551484	11	15	JKs	works
LINKED:[2	2	11	15	bn:00095812v		http://babelnet.org/rdf/s00095812v	0.0	0.0	0.0	MCS]
RANK:=== COUNTER  Counter 8717 ===
	Labor_product: 4.162330905306972E-5
	Working_on: 2.657030502710171E-5
	Being_employed: 1.124544418942276E-6
	Employing: 8.833173158460059E-7
	Intentionally_act: 3.921184197627684E-8

SELECTED:[Being_employed]
MATCH!
SILVER:205	23731	1	55	0	4102268	Oh , so you 're at the house .	2999	house.n	173	Buildings	MANUAL	6551486	23	27	JKs	house
LINKED:[7	7	23	27	bn:00044994n	http://dbpedia.org/resource/House	http://babelnet.org/rdf/s00044994n	0.0	0.0	0.0	MCS]
RANK:=== COUNTER  Counter 8718 ===
	Provide_lodging: 0.0022675736961451248
	Buildings: 5.243395811890029E-7

SELECTED:[Buildings]
MATCH!
SILVER:205	23731	2	55	0	4102269	You 're not at the plant .	11435	plant.n	196	Locale_by_use	MANUAL	6551487	19	23	JKs	plant
LINKED:[5	5	19	23	bn:00046568n	http://dbpedia.org/resource/Physical_plant	http://babelnet.org/rdf/s00046568n	0.0	0.0	0.0	MCS]
RANK:=== COUNTER  Counter 8719 ===
	Locale_by_use: 1.512930258453876E-6

SELECTED:[Locale_by_use]
MATCH!
SILVER:205	23731	3	55	0	4102270	Oh hold it .	13132	hold.v	245	Inhibit_movement	MANUAL	6551489	3	6	JKs	hold
LINKED:[1	1	3	6	bn:00089384v		http://babelnet.org/rdf/s00089384v	0.0	0.0	0.0	MCS]
RANK:=== COUNTER  Counter 8720 ===
	Cause_to_continue: 0.0022675736961451248
	Activity_ongoing: 8.163265306122448E-4

SELECTED:[]
WRONG!
SILVER:205	23731	4	55	0	4102271	Oh , that 's good .	6287	good.a	354	Desirability	MANUAL	6551490	13	16	JKs	good
LINKED:[4	4	13	16	bn:00103672a		http://babelnet.org/rdf/s00103672a	0.0	0.0	0.0	MCS]
RANK:=== COUNTER  Counter 8721 ===
	Usefulness: 4.938271604938272E-4
	Desirability: 3.5599857600569594E-4
	Social_interaction_evaluation: 3.077870113881194E-4
	Expertise: 6.781684027777777E-6

SELECTED:[Desirability]
MATCH!
SILVER:205	23731	5	55	0	4102272	That 's good .	6287	good.a	354	Desirability	MANUAL	6551491	8	11	JKs	good
LINKED:[2	2	8	11	bn:00103672a		http://babelnet.org/rdf/s00103672a	0.0	0.0	0.0	MCS]
RANK:=== COUNTER  Counter 8722 ===
	Usefulness: 4.938271604938272E-4
	Desirability: 3.5599857600569594E-4
	Social_interaction_evaluation: 3.077870113881194E-4
	Expertise: 6.781684027777777E-6

SELECTED:[Desirability]
MATCH!
SILVER:205	23731	6	55	0	4102273	I thought i heard a holler there in the background but i was n't sure .	10867	think.v	22	Cogitation	MANUAL	6551492	2	8	JKs	thought
LINKED:[1	1	2	8	bn:00083370v		http://babelnet.org/rdf/s00083370v	0.0	0.0	0.0	MCS]
RANK:=== COUNTER  Counter 8723 ===
	Regard: 1.8765246762994932E-4
	Categorization: 2.7700831024930747E-5
	Assessing: 8.857709750566894E-6
	Awareness: 8.80521973425847E-6
	Opinion: 7.673360394717659E-6
	Cogitation: 2.2818338642400122E-6

SELECTED:[Cogitation]
MATCH!
SILVER:205	23731	6	55	0	4102273	I thought i heard a holler there in the background but i was n't sure .	1532	hear.v	70	Perception_experience	MANUAL	6551493	12	16	JKs	heard
LINKED:[3	3	12	16	bn:00089280v		http://babelnet.org/rdf/s00089280v	1.0	1.0	0.5	BABELFY]
RANK:=== COUNTER  Counter 8724 ===
	Place_weight_on: 9.765625E-4
	Seeking: 1.1562030292519367E-4
	Cogitation: 2.2818338642400122E-6

SELECTED:[]
WRONG!
SILVER:205	23731	6	55	0	4102273	I thought i heard a holler there in the background but i was n't sure .	2748	sure.a	141	Certainty	MANUAL	6551495	65	68	JKs	sure
LINKED:[15	15	65	68	bn:00111505a		http://babelnet.org/rdf/s00111505a	0.0	0.0	0.0	MCS]
RANK:=== COUNTER  Counter 8725 ===

SELECTED:[]
WRONG!
SILVER:205	23731	2	56	0	4102275	Oh yeah , i 've got the dog and two kids waiting here .	11073	have	118	Possession	MANUAL	6551496	16	18	JKs	got
LINKED:[5	5	16	18	bn:13677110v		http://babelnet.org/rdf/s13677110v	0.0	0.0	0.0	MCS]
RANK:=== COUNTER  Counter 8726 ===

SELECTED:[]
WRONG!
SILVER:205	23731	2	56	0	4102275	Oh yeah , i 've got the dog and two kids waiting here .	11747	kid.n	104	Kinship	MANUAL	6551498	36	39	JKs	kids
LINKED:[10	10	36	39	bn:00049077n	http://dbpedia.org/resource/Kidskin	http://babelnet.org/rdf/s00049077n	0.0	0.0	0.0	MCS]
RANK:=== COUNTER  Counter 8727 ===
	Ingredients: 5.183170659522184E-7
	Substance: 8.305027032862993E-8

SELECTED:[]
WRONG!
SILVER:205	23731	2	56	0	4102275	Oh yeah , i 've got the dog and two kids waiting here .	12449	wait.v	1561	Waiting	MANUAL	6551499	41	47	JKs	waiting
LINKED:[11	11	41	47	bn:00082963v		http://babelnet.org/rdf/s00082963v	1.0	0.33333334	0.035714287	BABELFY]
RANK:=== COUNTER  Counter 8728 ===
	Expectation: 1.5241579027587258E-4
	Opinion: 7.673360394717659E-6

SELECTED:[]
WRONG!
SILVER:205	23731	3	56	0	4102276	I am locked up in the laundry room .	4760	lock	250	Immobilization	MANUAL	6551500	5	10	EGp	locked
LINKED:[2	2	5	10	bn:00090427v		http://babelnet.org/rdf/s00090427v	0.0	0.0	0.0	MCS]
RANK:=== COUNTER  Counter 8729 ===
	Inchoative_attaching: 5.10204081632653E-5
	Closure: 4.385772553835358E-5
	Relating_concepts: 1.1809024456489649E-5
	Make_cognitive_connection: 1.133671167341201E-5
	Attaching: 6.998684247361496E-6

SELECTED:[]
WRONG!
SILVER:205	23731	3	56	0	4102276	I am locked up in the laundry room .	14713	laundry	188	Building_subparts	MANUAL	6552181	22	28	EGp	laundry
LINKED:[6	6	22	28	bn:00050216n	http://dbpedia.org/resource/Laundry	http://babelnet.org/rdf/s00050216n	0.85714287	0.5	0.17142858	BABELFY]
RANK:=== COUNTER  Counter 8730 ===
	Clothing: 2.2818338642400122E-6
	Commerce_scenario: 1.4446190828402369E-6
	Artifact: 1.8854374280823462E-7

SELECTED:[]
WRONG!
SILVER:205	23731	3	56	0	4102276	I am locked up in the laundry room .	14713	laundry	188	Building_subparts	MANUAL	6552181	30	33	EGp	room
LINKED:[7	7	30	33	bn:00068233n	http://dbpedia.org/resource/Room	http://babelnet.org/rdf/s00068233n	1.0	0.5	0.17142858	BABELFY]
RANK:=== COUNTER  Counter 8731 ===
	Temporary_stay: 0.0014792899408284025
	Building_subparts: 9.467455621301774E-6
	Residence: 3.5200236545589585E-6
	Locale_by_use: 1.512930258453876E-6
	Buildings: 5.243395811890029E-7

SELECTED:[Building_subparts]
MATCH!
SILVER:205	23731	4	56	0	4102277	Okay thanks a lot .	8945	thank.v	711	Judgment_direct_address	MANUAL	6551503	5	10	JKs	thanks
LINKED:[1	1	5	10	bn:00076768n		http://babelnet.org/rdf/s00076768n	0.0	0.0	0.0	MCS]
RANK:=== COUNTER  Counter 8732 ===
	Judgment_direct_address: 4.725897920604915E-4
	Statement: 3.2727824934937087E-7

SELECTED:[Judgment_direct_address]
MATCH!
SILVER:205	23731	4	56	0	4102277	Okay thanks a lot .	13232	a	189	Quantified_mass	MANUAL	6551504	14	16	EGp	lot
LINKED:[3	3	14	16	bn:00052061n	http://dbpedia.org/resource/Land_lot	http://babelnet.org/rdf/s00052061n	0.0	0.0	0.0	MCS]
RANK:=== COUNTER  Counter 8733 ===
	Locale: 2.6707796673543923E-7

SELECTED:[]
WRONG!
SILVER:205	23731	1	57	0	4102279	Oh goodness well i 'll let you get .	18787	let.v	516	Preventing_or_letting	MANUAL	6551505	23	25	JKs	let
LINKED:[5	5	23	25	bn:00090294v		http://babelnet.org/rdf/s00090294v	0.0	0.0	0.0	MCS]
RANK:=== COUNTER  Counter 8734 ===
	Talking_into: 7.06164818868724E-5
	Causation: 3.1437050450178564E-6

SELECTED:[]
WRONG!
SILVER:205	23731	2	57	0	4102280	I enjoyed it .	869	enjoy.v	48	Experiencer_focus	MANUAL	6551506	2	8	JKs	enjoyed
LINKED:[1	1	2	8	bn:00087645v		http://babelnet.org/rdf/s00087645v	0.0	0.0	0.0	MCS]
RANK:=== COUNTER  Counter 8735 ===
	Using: 7.561436672967865E-5
	Employing: 8.833173158460059E-7

SELECTED:[]
WRONG!
filename	LUCorpus-v0.3__sw2025-ms98-a-trans.ascii-1-NEW.xml
docAnnotations	469
docManual	356
docUnannotated	113
sentences	107
paragraphs	57
Overlapping	225
Disambiguated	210
TP	146
TN	113
FP	0
FN	146
P	1.0
R	0.5
F	0.6666666666666666
A	0.6395061728395062
